#####################################################################
# Alchemist log file - simulation started at: 2024-06-03T08:57+0000 #
#####################################################################
#
# agentFrequency = 5.0, speed = 1.0, numberOfDrones = 10.0, seed = 29.0
#
# The columns have the following meaning: 
# time error 
0.0 84.1506988991109
0.0 84.1506988991109
1.006776427036005 83.90617122379948
2.0000000000000004 83.95149072177331
3.0000000000000013 84.90917516729398
4.000000000000002 86.39970267609048
5.00518855182627 89.27046364024902
6.007063324424212 90.59106737259425
7.013719592265493 88.58975381938626
8.008241082123355 86.19735786374287
9.00421668814024 84.59801386328115
10.00070428554939 83.79195248241855
11.009105349654643 83.30120589626974
12.007835570236448 82.95049862410951
13.02414870581896 82.82402911678524
14.013242863838482 82.75998232021703
15.01112799938023 82.78928477878821
16.002297431748424 82.66943415164087
17.017348665207695 82.65654240541119
18.00091182001464 82.61725451571907
19.0 82.51023689743467
20.000000000000014 82.51758250536469
21.00000000000003 82.45382994565205
22.000000000000043 82.42738535149778
23.000000000000057 82.34080138811883
24.00000000000007 82.28873036351227
25.000000000000085 82.23505094996783
26.0000000000001 82.19160132403175
27.000000000000114 82.1524534441986
28.000000000000128 82.12783060152067
29.000000000000142 82.05608294912956
30.000000000000156 81.90702472165258
31.00000000000017 81.91095856921909
32.000000000000185 81.83316281466966
33.0000000000002 81.75295867285965
34.00000000000021 81.70135716952586
35.00000000000023 81.66842136658975
36.00000000000024 81.56921036295371
37.000000000000256 81.51573382733427
38.00000000000027 81.51573382733427
39.000000000000284 81.2724497884546
40.0000000000003 81.29039973864874
41.00000000000031 81.24578864540659
42.00000000000033 81.09183676480069
43.00000000000034 81.03605387431311
44.000000000000355 80.966111669862
45.00000000000037 80.93019779980233
46.000000000000384 80.83790554183028
47.0000000000004 80.72740214963295
48.00000000000041 80.64480889054445
49.000000000000426 80.56717800727054
50.00000000000044 80.5651922127024
51.000000000000455 80.41340023275437
52.00000000000047 80.30483538480749
53.00000000000048 80.25875209584294
54.0000000000005 80.15257585733785
55.00000000000051 80.06161867324793
56.000000000000526 79.9628208429832
57.00000000000054 79.89510152493855
58.000000000000554 79.87004214593357
59.00000000000057 79.75926790035501
60.00000000000058 79.61743739139541
61.0000000000006 79.49327527827876
62.00000000000061 79.39626154856036
63.000000000000625 79.34429180337287
64.00000000000064 79.22280377940746
65.00000000000058 78.50976586713726
66.00000000000053 75.92863002923167
67.00000000000047 74.01964916241202
68.00000000000041 72.84436672476254
69.00000000000036 72.03697844449141
70.0000000000003 71.22295823483725
71.00000000000024 70.57028891418986
72.00000000000018 70.41814687421491
73.00000000000013 70.41808935400948
74.00000000000007 70.35440878292295
75.00000000000001 70.35440878292295
76.00119604857522 70.23787569780377
77.0043567430032 70.16336371914029
78.00953879099842 70.16119825845283
79.03606895348477 70.07530483134553
80.010515313095 70.01067512829417
81.02548553679149 69.93514776468666
82.020638385334 69.92588093435198
83.03223771245035 69.82771114666504
84.00706227585898 69.76050017335085
85.00533168848483 69.79564706473242
86.00230710982272 69.64370005465825
87.01807072158721 69.56350080747899
88.01382621793591 69.48933106734886
89.01404142857348 69.47125668893598
90.00597161382771 69.42059354918048
91.00435035424645 69.27025231480073
92.00031784450381 69.3708655034526
93.01387573685551 69.18453133406189
94.02551078651753 69.1515965059731
95.00042894810363 69.149689680385
96.00778563580882 69.05418972920444
97.00006464454337 68.95327514053379
98.01059317073253 68.86525791612976
99.01479214563426 68.77750633249035
100.02950323223165 68.71795272502483
101.0268265502924 68.71551253609698
102.00204427777334 68.54397180000335
103.01324020303149 68.45747785530247
104.00915713730708 68.34301140124998
105.00361286438773 68.28811775696731
106.00852604441688 68.22786984974603
107.01175108403824 68.16651946505563
108.01775841910788 68.10382548632256
109.00130259607484 68.09179355507543
110.0075339236843 67.98598277772525
111.00270805623178 67.97430800659063
112.00061471547912 67.9437832049052
113.02260909715987 67.8577434148726
114.01081734203875 67.77592978283462
115.00343736769108 67.63471835830546
116.00936445259872 67.70054263485284
117.00169686699532 67.61184495419758
118.02112964903246 67.56569217014925
119.02255043401249 67.48634405457594
120.01828643101275 67.53422884075849
121.00075876690666 67.41679486657799
122.00718861722848 67.34723815686762
123.00452928350224 67.26479932457661
124.00054403807988 67.26457635379147
125.0153563049069 67.17877258562322
126.00837380555943 67.15604186778936
127.00267436381515 67.07501315517925
128.00504432529945 67.01660847115488
129.00062238488695 67.01317513586235
130.00725540823424 66.92781180372403
131.0302956160213 66.85937516490736
132.02378491776142 66.86972510752378
133.0013480350357 66.73913946741284
134.01599555933248 66.64339917389745
135.0130000292566 66.64262179928392
136.0286619076032 66.66949389726958
137.0097423023266 66.56239419084073
138.03321561938725 66.50350713693328
139.04705256890676 65.66224830784758
140.00420497700432 66.2625148103371
141.01524854866747 66.99180770434408
142.00391435563768 66.74914424697504
143.01142143146532 66.28837173608443
144.01196925721425 66.19866441780127
145.00328106964875 66.25193375774154
146.02306957996365 65.98690305225308
147.0737939007752 65.94555718919656
148.0087242659031 65.91393069194773
149.00065822234902 65.81050672819816
150.02460120980265 65.82150629452204
151.01236832615592 65.79776642854146
152.0016059594917 65.68531051521006
153.02447511978573 65.75634403616827
154.01117809326652 65.61444229159292
155.01341863995845 65.54248796690462
156.03139454342067 65.49401315278264
157.004024909645 65.5045739349901
158.01227710389819 65.36277502740484
159.0574135418093 65.22011330299048
160.00027056722428 65.23133203793671
161.01541899652557 65.11201387524584
162.02453273237427 65.14239348036806
163.03171782659845 65.09311427027794
164.00121299925985 65.00515102506762
165.0288746461272 65.02154738195661
166.01101746346234 64.92063427246141
167.00234698478522 65.15965632884394
168.00202782702752 64.7551114169104
169.00750208028217 62.137465192917915
170.02910843468217 59.01640045833511
171.039151179041 57.738232829510785
172.00280592811984 56.93163400987872
173.0256129646265 55.900604128438324
174.00164542556448 55.61914051717305
175.01224873528938 55.730310199339144
176.00702211662798 55.612309814964206
177.00204603900588 55.584083400470725
178.00965069934207 55.68455398725192
179.0050660480602 55.4819914804629
180.05050496841085 55.455529972564044
181.0069543101431 55.324956113664065
182.00456935830442 55.46489892268987
183.008417523814 55.397314285108
184.03712062387248 55.421511812402
185.07562317075184 55.35799954403872
186.00131781530558 55.47626474730776
187.03056985502994 55.2884026896614
188.0162229159337 55.24395033744916
189.0368799118043 55.45882590194093
190.00551901602398 55.264108856149555
191.01207832827993 55.1898443201968
192.01582568483525 55.11705600039951
193.0160591243373 55.391844110823044
194.00049204576896 55.165806485811274
195.0172196015565 55.13739373699912
196.0007966047341 55.0581159673625
197.00011427310005 54.99308334241056
198.00120781599935 55.00883579205399
199.02399200583753 55.13851806950899
200.01383929574294 55.0011435847284
201.01144548510612 54.86809102258556
202.00826535841406 54.86174470751283
203.00811841553045 54.828490621654204
204.03170904860372 54.89166685466271
205.02774116189212 54.74871867042168
206.00532317680938 54.76734442812146
207.02430111039084 54.66396463705375
208.017775743654 54.48195175135205
209.01327725178078 54.43876224218964
210.0215604987515 54.449113451012835
211.00944528854842 54.44885750937001
212.0020452923378 54.578896919084116
213.0063069569065 54.365430447850116
214.0044295843843 54.3036148500417
215.0214684420721 54.23966634299762
216.0031335293762 54.334405687783125
217.0350183578145 54.27497394596536
218.01879688181035 54.11603526148879
219.00637891722383 54.071680650615484
220.01391192706157 54.071680650615484
221.01558432449391 53.89716913650497
222.0022561409845 54.11864507046703
223.0111629402656 53.84772946225805
224.0111100379558 53.86025296436533
225.0062572431895 53.821195386275605
226.00727710601353 53.89078747988933
227.01387727371142 53.57373162840837
228.00417082872545 53.59566665745511
229.00841516937075 53.527904480649724
230.00770255196568 53.47955383868933
231.0420509787963 53.42693911793701
232.01670038184525 53.40975892858961
233.00152054755978 53.400182969017294
234.00923320613603 53.13608421507136
235.0012345969202 53.06399982694765
236.00061593945418 53.08239339006526
237.05656267082162 52.95644026742357
238.0031274323553 52.863571409903955
239.01950559677962 52.83235593368652
240.0117284093195 52.92158467291348
241.02683722717745 52.81422909816997
242.00448113595675 52.6267117801728
243.03677287052048 52.55426090551776
244.01651560440766 52.685939812720974
245.00479261100594 52.544420557146935
246.0038373202926 52.35449019449015
247.00516364069605 52.310521555725536
248.00085106853246 52.25853812168063
249.00391098876625 52.224669226934694
250.01834063634604 52.26267077558411
251.00248362936895 51.96235627683683
252.03249520038747 51.95559009127768
253.00058934905084 52.05326930993486
254.02534968046254 51.77735885734935
255.02950317246948 51.63764309545389
256.0306902997419 51.53391094818076
257.0419862263033 51.49664570965326
258.04516318863006 51.40565898765425
259.00123812919014 51.47260204847114
260.00909468957326 51.35047390920752
261.0276790010858 51.17212368368706
262.01652109987106 51.255847284748896
263.01308485032143 51.02098801470079
264.0170927279968 50.90104029756168
265.0073326641242 50.93657609389295
266.01589267253826 50.84515471728692
267.01260545268957 50.842214126684794
268.0038866749351 50.58831458170499
269.0100416335531 50.60916527694378
270.01999346693196 50.448135203136545
271.01979552686106 50.33469664944332
272.0013106071804 50.17559575680058
273.00124365727754 50.27874712099427
274.0359357879081 50.01243692496602
275.013898420726 50.08535622635302
276.00246198381257 49.88606770516042
277.0215765479753 49.82352890025651
278.0002911612243 49.754213172465604
279.01119805303506 49.60823967262405
280.0510870633368 49.51457905063293
281.0015574482407 49.55101354561669
282.00645838854047 49.39873139462486
283.00696176203337 49.3658669505068
284.0595529991939 49.143443018753786
285.01808724701493 49.22233985561368
286.0073133468071 49.084383477099145
287.0319610185978 48.83272968632299
288.001903739994 48.74990803063323
289.0050255739361 48.66436284467911
290.00747075947373 48.69625151446408
291.02735684696546 48.724581337229885
292.00157693000995 48.46064486734517
293.00756097915985 48.253623249212225
294.0224049914395 48.15245088303517
295.01602973156287 48.316493381918136
296.0034168250409 47.880541456682785
297.00409071203205 48.013920437978136
298.0027882249705 47.7517543491858
299.04689964425063 47.67167810293204
300.030411842605 47.74822275899512
301.0176316373121 47.638692547014784
302.00000000000017 47.345602651021835
303.0000000000004 47.24925555578259
304.0000000000006 47.17350170917403
305.00000000000085 47.00233333117981
306.0000000000011 47.03834388489431
307.0000000000013 46.829076675736495
308.00000000000153 46.76860760819342
309.00000000000176 46.78583038487659
310.000000000002 46.52249719562519
311.0000000000022 46.400652043594164
312.00000000000244 46.363011851375944
313.0000000000027 46.15011585876748
314.0000000000029 46.142321052260364
315.0000000000031 46.03761201266766
316.00000000000335 45.87027047615754
317.0000000000036 45.89985498859019
318.0000000000038 45.60485686444733
319.00000000000404 45.52155567491005
320.00000000000426 45.50065937627915
321.0000000000045 45.37077357947442
322.0000000000047 45.210788244740186
323.00000000000495 45.14704904918128
324.0000000000052 45.05387491612454
325.0000000000054 44.88695944595676
326.0000000000056 44.757348860654076
327.00000000000585 44.75122654572969
328.0000000000061 44.4634047900623
329.0000000000063 43.9677677371506
330.00000000000654 43.432718136791046
331.00000000000676 42.308539746687416
332.000000000007 41.214666289476895
333.0000000000072 40.042728005067794
334.00000000000745 39.856526178140044
335.0000000000077 39.77411806463244
336.0000000000079 39.892901663435396
337.00000000000813 39.765775700978196
338.00000000000836 39.531978189933795
339.0000000000086 39.46549717686371
340.0000000000088 39.582159425736805
341.00000000000904 39.39108706145005
342.00000000000927 39.1941243819087
343.0000000000095 39.29231374338067
344.0000000000097 39.03250293051731
345.00000000000995 39.03862110363382
346.0000000000102 39.03862110363382
347.0000000000104 38.91275551988259
348.00000000001063 38.98744116727259
349.00000000001086 38.8706785347733
350.0000000000111 38.68676598395275
351.0000000000113 38.63138019050499
352.00000000001154 38.483360356207825
353.00000000001177 38.33669739995083
354.000000000012 38.235500322416684
355.0000000000122 38.20990187212791
356.00000000001245 38.24006891187013
357.0000000000127 38.24969735962172
358.0000000000129 38.11960002969482
359.00000000001313 38.03129007962138
360.00000000001336 38.11236607046178
361.0000000000136 37.96976682570233
362.0000000000138 37.783414679808295
363.00000000001404 37.876143294197604
364.00000000001427 37.78996432794829
365.0000000000145 37.580939409616384
366.0000000000147 37.419863278328506
367.00000000001495 37.33220510003832
368.0000000000152 37.277859885694205
369.0000000000154 37.42759675970435
370.00000000001563 37.385631571560374
371.00000000001586 37.11407446334771
372.0000000000161 36.93771812132399
373.0000000000163 36.91291543879636
374.00000000001654 36.94921698478292
375.00000000001677 36.79105221017489
376.000000000017 36.692078240817466
377.0000000000172 36.6448506255674
378.00000000001745 36.48489838224613
379.0000000000177 36.57206428080653
380.0000000000179 36.31393073617371
381.00000000001813 36.39243732156715
382.00000000001836 36.18730942840573
383.0000000000186 36.280525882052345
384.0000000000188 36.09391226166978
385.00000000001904 36.06121992261078
386.00000000001927 35.85800672557238
387.0000000000195 35.73231233601943
388.0000000000197 35.59662854040797
389.00000000001995 35.695751887835456
390.0000000000202 35.49679888192411
391.0000000000204 35.40201723853872
392.00000000002063 35.33870176966535
393.00000000002086 35.22745114904571
394.0000000000211 35.29499965589138
395.0000000000213 35.096989709131265
396.00000000002154 35.097529465962346
397.00000000002177 34.928694359912946
398.000000000022 34.74581235918579
399.0000000000222 34.73589832732177
400.00000000002245 34.624528010428044
401.0000000000227 34.6644537159259
402.0000000000229 34.58593888837277
403.00000000002314 34.34990435353281
404.00000000002336 34.495162219236114
405.0000000000236 34.22251818748682
406.0000000000238 34.055602007323145
407.00000000002404 33.964028886447274
408.0000000000243 33.98794094236205
409.0000000000245 33.85136734462498
410.0000000000247 33.87011663558165
411.00000000002495 33.657405456542214
412.0000000000252 33.63874381696079
413.0000000000254 33.48876770501722
414.00000000002564 33.32114172142803
415.00000000002586 33.49472458854718
416.0000000000261 33.228691427212674
417.0000000000263 33.10756957394182
418.00000000002655 33.13830755579624
419.0000000000268 32.97676437289241
420.000000000027 32.91729916716952
421.0000000000272 31.96583004576577
422.00000000002746 31.054155023493397
423.0000000000277 31.601089843767923
424.0000000000279 30.796169437062623
425.00000000002814 29.67445526254162
426.00000000002836 28.50903772818877
427.0000000000286 27.50001761950533
428.0000000000288 26.425496511844923
429.00000000002905 25.533644870610757
430.0000000000293 25.014668954161177
431.0000000000295 24.956517434809115
432.00000000002973 24.854570045905998
433.00000000002996 24.8277680780588
434.0000000000302 24.80643998667534
435.0000000000304 24.88484982931708
436.00000000003064 24.77052104156864
437.00000000003087 24.79426925087349
438.0000000000311 24.88808168469397
439.0000000000313 25.0028542692994
440.00000000003155 25.01724963691594
441.0000000000318 25.0
442.000000000032 25.02905802720861
443.00000000003223 25.260192187140763
444.00000000003246 25.017807879397274
445.0000000000327 24.93501711840031
446.0000000000329 25.061490100184482
447.00000000003314 24.986899135624164
448.00000000003337 25.022821458344698
449.0000000000336 25.071702101017152
450.0000000000338 25.040365826577062
451.00000000003405 25.18423553028896
452.0000000000343 24.937960740205973
453.0000000000345 25.002353758705315
454.00000000003473 25.12147663705477
455.00000000003496 24.973788952367894
456.0000000000352 24.95968345754551
457.0000000000354 25.01002772045732
458.00000000003564 25.007739613468843
459.00000000003587 25.09768072600129
460.0000000000361 24.971565255550498
461.0000000000363 24.997675970018214
462.00000000003655 25.070945771287935
463.0000000000368 24.98410159380784
464.000000000037 25.105751706312084
465.00000000003723 25.01774573606506
466.00000000003746 25.061265661491138
467.0000000000377 25.003420566518546
468.0000000000379 25.06201642388252
469.00000000003814 25.059124564205497
470.00000000003837 25.0
471.0000000000386 25.10902794900801
472.0000000000388 25.133238422713497
473.00000000003905 25.061582048296216
474.0000000000393 25.0
475.0000000000395 25.22322736426376
476.00000000003973 25.154752666240935
477.00000000003996 24.970966441750846
478.0000000000402 24.892636737727074
479.0000000000404 25.010058525742224
480.00000000004064 25.080459961622807
481.00000000004087 24.873013509235996
482.0000000000411 24.9581555078169
483.0000000000413 25.132752484497725
484.00000000004155 25.042161836299115
485.0000000000418 25.104364142903048
486.000000000042 25.046289411852847
487.00000000004223 25.05448952043666
488.00000000004246 25.003394269529203
489.0000000000427 24.920151957723995
490.0000000000429 24.934652788493004
491.00000000004314 24.868598018533262
492.00000000004337 25.002533991393726
493.0000000000436 25.05874587975788
494.0000000000438 24.784309507912358
495.00000000004405 24.95718290200825
496.0000000000443 24.934751106276458
497.0000000000445 24.965333568206763
498.00000000004474 24.878740241416242
499.00000000004496 25.020834792351543
500.0000000000452 25.002396387558907
501.0000000000454 25.00598079059777
502.00000000004565 25.075383846557234
503.0000000000459 24.906964619158632
504.0000000000461 25.00390540429688
505.0000000000463 24.920814568571686
506.00000000004655 24.97196352049147
507.0000000000468 25.122502284206053
508.000000000047 25.0
509.00000000004724 24.95859623355235
510.00000000004746 24.767163011598328
511.0000000000477 24.964493991886872
512.0000000000479 24.954558915861583
513.0000000000481 24.935368443892358
514.0000000000483 25.003756221384904
515.0000000000485 24.89291568419083
516.0000000000488 24.946546826499862
517.000000000049 24.945562904670517
518.0000000000492 25.047360611604
519.0000000000495 24.801132956839012
520.0000000000497 24.86205919178105
521.0000000000499 25.004628480344728
522.0000000000501 24.980857776531707
523.0000000000504 24.993596891336974
524.0000000000506 25.113615867548805
525.0000000000508 24.96013427066131
526.000000000051 24.951792549923958
527.0000000000513 25.00339418991995
528.0000000000515 24.96862278247568
529.0000000000517 24.779066794160798
530.000000000052 24.780156273962415
531.0000000000522 24.96656911268007
532.0000000000524 24.997709267230316
533.0000000000526 24.933615780477336
534.0000000000529 24.853429807783918
535.0000000000531 24.97243285997235
536.0000000000533 25.007422000988377
537.0000000000535 24.974312440355643
538.0000000000538 25.0245624504567
539.000000000054 25.103662970770564
540.0000000000542 25.004777250349573
541.0000000000545 25.010370686448198
542.0000000000547 24.909978591162336
543.0000000000549 24.936588346064383
544.0000000000551 25.02349042606888
545.0000000000554 24.978490982233282
546.0000000000556 25.077849234449012
547.0000000000558 24.95835137066004
548.000000000056 24.9273560002543
549.0000000000563 25.039171190866007
550.0000000000565 25.043449194120353
551.0000000000567 24.928414916279042
552.000000000057 24.827563980662717
553.0000000000572 25.007301105994813
554.0000000000574 24.912477639102896
555.0000000000576 25.03917076817135
556.0000000000579 25.10069286535119
557.0000000000581 25.004765104606587
558.0000000000583 25.11973031911769
559.0000000000585 25.031033233029376
560.0000000000588 25.035093497333307
561.000000000059 25.006062042747583
562.0000000000592 24.965067815963337
563.0000000000595 24.978883209084916
564.0000000000597 25.00203388971423
565.0000000000599 24.906278399673056
566.0000000000601 24.956693834882437
567.0000000000604 25.08063762036348
568.0000000000606 25.0
569.0000000000608 25.014559697409354
570.000000000061 24.89240726893412
571.0000000000613 24.94681116428161
572.0000000000615 25.019512579571835
573.0000000000617 25.072428353887812
574.000000000062 24.99240526008097
575.0000000000622 25.0
576.0000000000624 25.00077358836452
577.0000000000626 24.979455737172067
578.0000000000629 25.026604675216223
579.0000000000631 25.015378072479184
580.0000000000633 25.01942299840239
581.0000000000636 25.034428680049576
582.0000000000638 25.132571754748806
583.000000000064 25.08578935617804
584.0000000000642 25.090247567456032
585.0000000000645 25.127012353082517
586.0000000000647 25.004498745128945
587.0000000000649 25.130503565301822
588.0000000000651 24.991583924680803
589.0000000000654 25.11077450030717
590.0000000000656 24.967750031670725
591.0000000000658 24.978601208781672
592.000000000066 25.0
593.0000000000663 24.666518924240634
594.0000000000665 24.946255893351157
595.0000000000667 25.044063580369016
596.000000000067 25.054645925788638
597.0000000000672 25.00016923466645
598.0000000000674 25.00240695526195
599.0000000000676 25.008680763571146
600.0000000000679 24.82919657203515
601.0000000000681 24.914992720382124
602.0000000000683 25.043409755243225
603.0000000000686 25.03188862231133
604.0000000000688 25.01609852978213
605.000000000069 24.969229729445672
606.0000000000692 25.049474194326585
607.0000000000695 25.011658719325048
608.0000000000697 24.997038657630316
609.0000000000699 24.93296806823123
610.0000000000701 25.019386691276903
611.0000000000704 25.0
612.0000000000706 25.010957035730286
613.0000000000708 25.006702203825295
614.000000000071 24.79524983189148
615.0000000000713 25.021398068275747
616.0000000000715 25.09203314544455
617.0000000000717 24.982799821413035
618.000000000072 25.00608497195061
619.0000000000722 24.946902472007384
620.0000000000724 25.0
621.0000000000726 25.028275037372065
622.0000000000729 25.00804653568615
623.0000000000731 24.96064153683063
624.0000000000733 25.101895481284807
625.0000000000736 25.0267699170836
626.0000000000738 24.86845192007071
627.000000000074 25.104264237703614
628.0000000000742 24.841316878321656
629.0000000000745 24.957388291935764
630.0000000000747 25.093099986315174
631.0000000000749 25.00058751759281
632.0000000000751 24.91801376318285
633.0000000000754 25.01080435585973
634.0000000000756 24.94504489294699
635.0000000000758 25.024379466129293
636.000000000076 24.957397954406503
637.0000000000763 24.98690999287829
638.0000000000765 25.033160392073547
639.0000000000767 24.90338353871477
640.000000000077 25.039033521778585
641.0000000000772 24.99629539501657
642.0000000000774 25.008449337394257
643.0000000000776 25.039314570965313
644.0000000000779 25.065378328079543
645.0000000000781 25.05099943399948
646.0000000000783 25.024719615185443
647.0000000000786 24.94678262394253
648.0000000000788 25.003865056268285
649.000000000079 25.00121010998988
650.0000000000792 25.015574533824502
651.0000000000795 24.947802331964784
652.0000000000797 25.001298814861283
653.0000000000799 24.872625558917203
654.0000000000801 25.078041749406232
655.0000000000804 25.0
656.0000000000806 25.0
657.0000000000808 24.89367639429681
658.0000000000811 25.02174362014213
659.0000000000813 25.00505160308109
660.0000000000815 24.906068603098674
661.0000000000817 25.00857354602165
662.000000000082 25.092678229073744
663.0000000000822 25.069279857440737
664.0000000000824 25.07496562127951
665.0000000000827 25.021903409410882
666.0000000000829 25.11726321563651
667.0000000000831 25.13980474132922
668.0000000000833 25.128592537792866
669.0000000000836 25.003863045050455
670.0000000000838 25.008405773583164
671.000000000084 25.123505640543087
672.0000000000842 24.9575211866023
673.0000000000845 25.019813663154032
674.0000000000847 25.040116099725093
675.0000000000849 25.052042705644034
676.0000000000852 25.05990342534087
677.0000000000854 25.10021590095817
678.0000000000856 24.974005239827783
679.0000000000858 25.01185582123216
680.0000000000861 25.021284897211494
681.0000000000863 24.91161392284151
682.0000000000865 24.832074093729364
683.0000000000867 25.00576470779815
684.000000000087 25.0
685.0000000000872 25.10024672667375
686.0000000000874 25.0
687.0000000000877 24.981250231429566
688.0000000000879 25.00654199429688
689.0000000000881 24.99781942812359
690.0000000000883 24.999704132680172
691.0000000000886 25.00517022267381
692.0000000000888 25.00775001889705
693.000000000089 25.049072963578986
694.0000000000892 25.148906485330876
695.0000000000895 24.93735957741267
696.0000000000897 24.968957331922155
697.0000000000899 25.07511152948693
698.0000000000902 24.964436369780234
699.0000000000904 25.005962026171805
700.0000000000906 25.024444214506765
701.0000000000908 25.0033373614455
702.0000000000911 25.046139751960443
703.0000000000913 24.91901054446097
704.0000000000915 25.091152359308047
705.0000000000917 25.026433157028215
706.000000000092 25.063842043501953
707.0000000000922 25.003277614771836
708.0000000000924 24.93956521432415
709.0000000000927 25.012876580957467
710.0000000000929 25.01769486516437
711.0000000000931 24.997658148835693
712.0000000000933 25.066672572382895
713.0000000000936 25.006666746664212
714.0000000000938 24.961572007882225
715.000000000094 24.970963290848232
716.0000000000942 24.944711610877967
717.0000000000945 24.939052955986394
718.0000000000947 24.86062729530162
719.0000000000949 24.92083584528541
720.0000000000952 24.989065667857165
721.0000000000954 24.9743082500816
722.0000000000956 24.946336711851988
723.0000000000958 25.003353164679936
724.0000000000961 25.006182656595943
725.0000000000963 25.127460673097335
726.0000000000965 25.029357494809833
727.0000000000967 24.95047591975524
728.000000000097 25.00405080881869
729.0000000000972 24.887229840582542
730.0000000000974 25.059476270633652
731.0000000000977 25.008066843983816
732.0000000000979 25.04636342871361
733.0000000000981 25.073026522611904
734.0000000000983 25.16184892615374
735.0000000000986 25.06498628485525
736.0000000000988 25.07778863782692
737.000000000099 24.983516972971547
738.0000000000992 25.00255278651515
739.0000000000995 24.98189221314388
740.0000000000997 24.95713003602784
741.0000000000999 24.925621137078554
742.0000000001002 24.935303557172656
743.0000000001004 24.94984227424717
744.0000000001006 24.949313773308724
745.0000000001008 25.007420763977024
746.0000000001011 25.0
747.0000000001013 24.950084228150285
748.0000000001015 25.05143093062749
749.0000000001017 25.05295147236144
750.000000000102 25.063621045829642
751.0000000001022 25.09112366592612
752.0000000001024 25.00508668860533
753.0000000001027 25.085337656064407
754.0000000001029 25.0435985443267
755.0000000001031 25.005687400531826
756.0000000001033 25.075367781698958
757.0000000001036 25.17099487899076
758.0000000001038 25.020837776937707
759.000000000104 24.94330654109613
760.0000000001043 25.010160185897565
761.0000000001045 25.016516407346916
762.0000000001047 24.956572627807688
763.0000000001049 25.003570580253918
764.0000000001052 24.965334665095444
765.0000000001054 25.028045581040917
766.0000000001056 25.02317123289054
767.0000000001058 24.943293910616422
768.0000000001061 24.903003532596706
769.0000000001063 24.988185506397418
770.0000000001065 24.923511365063966
771.0000000001068 24.988458933509442
772.000000000107 25.006209819184935
773.0000000001072 24.91693098635122
774.0000000001074 25.007561143039506
775.0000000001077 24.84544649762783
776.0000000001079 24.760674991877725
777.0000000001081 24.947631905689068
778.0000000001083 25.003852607623376
779.0000000001086 24.946217850572538
780.0000000001088 25.007838760628683
781.000000000109 25.02073518784981
782.0000000001093 25.090734721273883
783.0000000001095 25.04365079250914
784.0000000001097 24.97629856198711
785.0000000001099 24.93091231476674
786.0000000001102 24.888056797429233
787.0000000001104 24.827995839543366
788.0000000001106 24.96878034114566
789.0000000001108 24.941223669269505
790.0000000001111 24.964984863636367
791.0000000001113 25.069321354765368
792.0000000001115 24.996777669063597
793.0000000001118 25.012563870135676
794.000000000112 25.008919194231108
795.0000000001122 25.06416315779104
796.0000000001124 24.997809045738027
797.0000000001127 24.990452712707334
798.0000000001129 25.01056796969555
799.0000000001131 25.080524822793283
800.0000000001133 25.13482960625425
801.0000000001136 25.063893301749264
802.0000000001138 25.080412777499543
803.000000000114 25.00366261806947
804.0000000001143 25.047517719301666
805.0000000001145 25.06325547090753
806.0000000001147 25.251153916396525
807.0000000001149 25.070915605366515
808.0000000001152 25.068106124270038
809.0000000001154 25.0
810.0000000001156 25.202353304139788
811.0000000001158 25.005882255048512
812.0000000001161 25.118864980049402
813.0000000001163 25.033006948147356
814.0000000001165 24.92044412985802
815.0000000001168 24.94519855644638
816.000000000117 24.99443369132413
817.0000000001172 24.872749089010693
818.0000000001174 24.986471617693955
819.0000000001177 25.006558341716907
820.0000000001179 25.00396492090853
821.0000000001181 25.014528246345876
822.0000000001183 25.01192174702769
823.0000000001186 24.905724419681512
824.0000000001188 25.007315996056214
825.000000000119 25.080103178540572
826.0000000001193 25.133183715947624
827.0000000001195 25.037917387264525
828.0000000001197 25.006303060624024
829.0000000001199 24.997635889546135
830.0000000001202 25.06974409715318
831.0000000001204 25.004449587835058
832.0000000001206 24.97810682518913
833.0000000001208 25.146858985019072
834.0000000001211 25.0
835.0000000001213 24.934680602808086
836.0000000001215 24.959704275172992
837.0000000001218 24.919993876732562
838.000000000122 24.970280550823638
839.0000000001222 25.04097348237804
840.0000000001224 25.00882908798119
841.0000000001227 24.95241921549983
842.0000000001229 24.894210921708126
843.0000000001231 25.10790895989207
844.0000000001234 25.007733379930936
845.0000000001236 24.95372875519074
846.0000000001238 24.884875397889683
847.000000000124 25.005075005542604
848.0000000001243 25.005569522476193
849.0000000001245 24.926778304809208
850.0000000001247 25.133151363931706
851.0000000001249 25.003708389605343
852.0000000001252 24.983225504047
853.0000000001254 25.00595143840274
854.0000000001256 25.02663299975537
855.0000000001259 24.992840399748083
856.0000000001261 25.001757096473508
857.0000000001263 25.075555178270356
858.0000000001265 24.98694729706999
859.0000000001268 25.007669960978667
860.000000000127 24.91669109850314
861.0000000001272 24.954893026226195
862.0000000001274 25.021026890467258
863.0000000001277 24.958288454304142
864.0000000001279 25.103289546908393
865.0000000001281 25.004172308481486
866.0000000001284 25.054925016592758
867.0000000001286 25.01677022926981
868.0000000001288 25.195147009661568
869.000000000129 24.94651006645889
870.0000000001293 25.005634469496542
871.0000000001295 25.002347640517907
872.0000000001297 25.054816733375343
873.00000000013 25.010358453507656
874.0000000001302 25.071025815921868
875.0000000001304 25.004247141664273
876.0000000001306 25.02999023123543
877.0000000001309 25.034292068162024
878.0000000001311 25.087504816450192
879.0000000001313 25.056145869919114
880.0000000001315 24.955614038774623
881.0000000001318 25.006434078759472
882.000000000132 25.066039777438572
883.0000000001322 25.13858284104208
884.0000000001324 24.95841730761513
885.0000000001327 24.91142103086821
886.0000000001329 24.99411589724346
887.0000000001331 25.014351769923802
888.0000000001334 25.0
889.0000000001336 24.965091371978975
890.0000000001338 24.8468785320335
891.000000000134 24.903245889843827
892.0000000001343 24.91349640797351
893.0000000001345 24.91580261752711
894.0000000001347 25.056712862376695
895.000000000135 24.991984908665884
896.0000000001352 24.980096504031366
897.0000000001354 25.00548622602369
898.0000000001356 24.928168996612214
899.0000000001359 24.998526350825525
900.0000000001361 25.064971654525376
901.0000000001363 25.01104204075008
902.0000000001365 25.01157123463377
903.0000000001368 25.032893955985816
904.000000000137 25.094182653262795
905.0000000001372 24.958906042254263
906.0000000001374 24.812861444075573
907.0000000001377 24.755038274490495
908.0000000001379 24.97010327312194
909.0000000001381 25.009856534264692
910.0000000001384 25.066483587831122
911.0000000001386 25.01000100040025
912.0000000001388 24.80589813433702
913.000000000139 24.879547065467904
914.0000000001393 24.983474875360045
915.0000000001395 24.994657447429052
916.0000000001397 24.970452423352747
917.00000000014 25.049880933498944
918.0000000001402 25.08828680214581
919.0000000001404 24.96817922695246
920.0000000001406 24.98562393574081
921.0000000001409 25.064144883034437
922.0000000001411 25.044224327228925
923.0000000001413 24.985993634999122
924.0000000001415 24.97020134419853
925.0000000001418 24.97892072328966
926.000000000142 25.021108985973125
927.0000000001422 25.028276202193627
928.0000000001424 24.970630722516866
929.0000000001427 25.141311367932847
930.0000000001429 25.026584220563542
931.0000000001431 25.004621915679394
932.0000000001434 25.078849750629438
933.0000000001436 25.042993326932837
934.0000000001438 25.0489567566122
935.000000000144 25.071827152209867
936.0000000001443 25.004237907040945
937.0000000001445 24.922979285343864
938.0000000001447 24.978461566189022
939.000000000145 25.00520257397189
940.0000000001452 24.934470115340943
941.0000000001454 24.890790455594846
942.0000000001456 25.004620231245315
943.0000000001459 25.002807747747756
944.0000000001461 24.98417445467956
945.0000000001463 24.898727277039544
946.0000000001465 25.053518407387838
947.0000000001468 25.090610905167814
948.000000000147 24.904492153843716
949.0000000001472 24.974066096038182
950.0000000001475 25.00171300516852
951.0000000001477 25.000100955097817
952.0000000001479 24.984523682817752
953.0000000001481 24.990586298694254
954.0000000001484 25.00167219365226
955.0000000001486 24.96954658558622
956.0000000001488 25.091026548175925
957.000000000149 24.93099671908681
958.0000000001493 24.97924678504209
959.0000000001495 24.839568243464203
960.0000000001497 24.929661353579256
961.00000000015 24.864148717855347
962.0000000001502 24.8740552980982
963.0000000001504 25.00372300545143
964.0000000001506 25.058381526105283
965.0000000001509 25.059340852119032
966.0000000001511 25.01600587286766
967.0000000001513 25.04697184519472
968.0000000001515 25.011344370295415
969.0000000001518 25.0072172063943
970.000000000152 25.122566668760644
971.0000000001522 25.007451219104166
972.0000000001525 24.864566596701316
973.0000000001527 24.910612660689964
974.0000000001529 24.8872084154518
975.0000000001531 25.04016925677182
976.0000000001534 25.021803368777988
977.0000000001536 25.01040187196315
978.0000000001538 25.017336267455978
979.000000000154 25.003037676392886
980.0000000001543 24.955473981431677
981.0000000001545 24.89647711290764
982.0000000001547 25.052471622060224
983.000000000155 24.938199526153358
984.0000000001552 24.88779418639698
985.0000000001554 24.991385655097933
986.0000000001556 25.0
987.0000000001559 24.86312522693575
988.0000000001561 25.004127336888573
989.0000000001563 25.002907044845507
990.0000000001565 25.004313709676907
991.0000000001568 25.046110458966574
992.000000000157 25.098436405185243
993.0000000001572 25.063320222913276
994.0000000001575 25.11588726958209
995.0000000001577 25.0
996.0000000001579 24.931674726658155
997.0000000001581 24.918881437783906
998.0000000001584 25.00249407155913
999.0000000001586 24.984624320325654
1000.0000000001588 25.00530770348659
1001.000000000159 25.017176423313884
1002.0000000001593 25.009295709812537
1003.0000000001595 25.02849286894839
1004.0000000001597 25.020637627750492
1005.00000000016 24.984722154793854
1006.0000000001602 24.93224333892039
1007.0000000001604 25.04971575122255
1008.0000000001606 25.007065735990352
1009.0000000001609 24.991514196923827
1010.0000000001611 25.0
1011.0000000001613 25.029783402004444
1012.0000000001615 24.730506493749406
1013.0000000001618 24.92989400289833
1014.000000000162 25.003425080951708
1015.0000000001622 24.959649992741806
1016.0000000001625 24.946268658308274
1017.0000000001627 24.94882193989381
1018.0000000001629 25.00489278012915
1019.0000000001631 25.024726869132962
1020.0000000001634 24.92444209611282
1021.0000000001636 25.0067391259024
1022.0000000001638 25.04389442273781
1023.000000000164 25.0751748127707
1024.0000000001642 24.956380041748577
1025.0000000001633 25.004110846312386
1026.0000000001623 25.075562165882257
1027.0000000001614 25.00300138862369
1028.0000000001605 25.005867987128127
1029.0000000001596 25.00351895643809
1030.0000000001587 25.031499662639433
1031.0000000001578 25.0658374713484
1032.000000000157 24.977704898480166
1033.000000000156 24.992878532198585
1034.000000000155 25.07648599397005
1035.0000000001542 25.018338467469384
1036.0000000001532 25.018934472882556
1037.0000000001523 25.032810699026193
1038.0000000001514 25.037251773180788
1039.0000000001505 25.002413024985337
1040.0000000001496 24.998617741341803
1041.0000000001487 25.119260698519643
1042.0000000001478 25.00404592754642
1043.0000000001469 24.94610620925142
1044.000000000146 25.042871846659022
1045.000000000145 24.96100720108705
1046.0000000001442 25.07814557995492
1047.0000000001432 25.070708607596483
1048.0000000001423 25.08239097123746
1049.0000000001414 25.047479947048163
1050.0000000001405 24.97579423060397
1051.0000000001396 25.038236114519574
1052.0000000001387 25.026706430934478
1053.0000000001378 24.974317509378103
1054.0000000001369 24.820212520730845
1055.000000000136 24.788776784249524
1056.000000000135 24.937232528427252
1057.0000000001342 24.90944429392316
1058.0000000001332 24.97949151393587
1059.0000000001323 25.048148877509238
1060.0000000001314 25.000886834089137
1061.0000000001305 25.03570073485947
1062.0000000001296 24.97717822796377
1063.0000000001287 25.015451863731347
1064.0000000001278 24.988243070565517
1065.0000000001269 25.00943487634653
1066.000000000126 24.986011878707473
1067.000000000125 25.00138290553391
1068.0000000001241 25.023364729383722
1069.0000000001232 25.088800223856293
1070.0000000001223 24.948009952234617
1071.0000000001214 24.947385763462577
1072.0000000001205 24.937491202007575
1073.0000000001196 25.005584486661053
1074.0000000001187 24.951406619672312
1075.0000000001178 25.239378781935482
1076.0000000001169 25.132402656478163
1077.000000000116 25.063523868315848
1078.000000000115 25.03249746535936
1079.0000000001141 24.90727067761256
1080.0000000001132 25.058137253430953
1081.0000000001123 24.95340765426433
1082.0000000001114 25.004682724540793
1083.0000000001105 25.019615652003637
1084.0000000001096 25.00936855572887
1085.0000000001087 24.947711836990845
1086.0000000001078 25.09502143576122
1087.0000000001069 24.950514349055457
1088.000000000106 24.894571759897385
1089.000000000105 24.99102364948324
1090.0000000001041 24.959368372620844
1091.0000000001032 25.007366810084992
1092.0000000001023 25.016670301235497
1093.0000000001014 25.06060833167119
1094.0000000001005 24.992504218298254
1095.0000000000996 25.08614306349819
1096.0000000000987 25.001019884215403
1097.0000000000978 25.008069828971248
1098.0000000000969 24.974637835013556
1099.000000000096 24.84221831068684
1100.000000000095 25.085100893076437
1101.0000000000941 25.02829188695632
1102.0000000000932 24.996925831693584
1103.0000000000923 25.070014019147973
1104.0000000000914 25.002150138913347
1105.0000000000905 24.98002860411693
1106.0000000000896 24.98359667761751
1107.0000000000887 25.046456116523917
1108.0000000000878 25.226088765152973
1109.0000000000869 25.073911473583312
1110.000000000086 25.005542735505788
1111.000000000085 25.063656210521327
1112.0000000000841 24.974532524748152
1113.0000000000832 24.955109352358363
1114.0000000000823 25.135431575417357
1115.0000000000814 25.139560654083855
1116.0000000000805 25.14633297241743
1117.0000000000796 25.096799279915917
1118.0000000000787 25.136281354029887
1119.0000000000778 25.00726530742618
1120.0000000000769 25.22608424127128
1121.000000000076 24.994835400862446
1122.000000000075 24.975366833529655
1123.0000000000741 24.99112972724437
1124.0000000000732 24.86318251101813
1125.0000000000723 25.00352975116514
1126.0000000000714 25.01254722796776
1127.0000000000705 25.07507048248279
1128.0000000000696 24.982913274564183
1129.0000000000687 24.894130397268718
1130.0000000000678 25.00894373832559
1131.0000000000668 25.09713957828129
1132.000000000066 25.04617940922649
1133.000000000065 25.057988125314843
1134.0000000000641 25.035892414090622
1135.0000000000632 24.986413442918284
1136.0000000000623 25.06886935263184
1137.0000000000614 25.075267122530995
1138.0000000000605 25.049998831044572
1139.0000000000596 24.96652708450467
1140.0000000000587 25.05760778786379
1141.0000000000578 25.008010596587145
1142.0000000000568 25.002981909514148
1143.000000000056 24.981018210110697
1144.000000000055 24.91916086355311
1145.0000000000541 25.006060157458148
1146.0000000000532 25.05923165311971
1147.0000000000523 24.959654560861612
1148.0000000000514 24.93763694317194
1149.0000000000505 24.97744904702855
1150.0000000000496 24.974533045477326
1151.0000000000487 25.007786593358485
1152.0000000000477 25.00500605997494
1153.0000000000468 24.946444313347516
1154.000000000046 25.04793727462917
1155.000000000045 24.91883581399611
1156.000000000044 24.99324618551747
1157.0000000000432 24.961524112148865
1158.0000000000423 25.078880226535148
1159.0000000000414 25.117168297151718
1160.0000000000405 25.09273336058393
1161.0000000000396 25.129069874405292
1162.0000000000387 25.00647481093223
1163.0000000000377 24.930923041812605
1164.0000000000368 25.002339703138528
1165.000000000036 24.921004979283452
1166.000000000035 24.94333993876236
1167.000000000034 25.06214365657069
1168.0000000000332 25.006073563473713
1169.0000000000323 25.048704475839898
1170.0000000000314 25.015995902827736
1171.0000000000305 24.957779766424096
1172.0000000000296 25.00268566409199
1173.0000000000286 24.965474123935703
1174.0000000000277 24.919301980606058
1175.0000000000268 25.029295540572516
1176.000000000026 25.0307616443291
1177.000000000025 24.969968787552187
1178.000000000024 25.009416989456952
1179.0000000000232 25.118132750484513
1180.0000000000223 25.060358852372232
1181.0000000000214 25.035730177348068
1182.0000000000205 24.98493520166505
1183.0000000000196 24.915233038999663
1184.0000000000186 25.06969600257058
1185.0000000000177 24.92830099309568
1186.0000000000168 24.942827228596542
1187.000000000016 24.86690544671754
1188.000000000015 25.00440556470156
1189.000000000014 25.018691305410186
1190.0000000000132 24.89535365763689
1191.0000000000123 24.878667329289854
1192.0000000000114 24.98812312982124
1193.0000000000105 25.072006254823375
1194.0000000000095 24.966815748382214
1195.0000000000086 25.12129125470741
1196.0000000000077 25.07520582822589
1197.0000000000068 25.050499042814675
1198.000000000006 25.0
1199.000000000005 25.01417998650752
1200.000000000004 25.005552591195624
1201.0000000000032 24.928534884112768
1202.0000000000023 24.957814360630014
1203.0000000000014 24.924443784717628
1204.0000000000005 24.825828873061727
1205.0441448097386 24.971878337292242
1206.0042863722954 25.086593493588403
1207.006396845272 24.948567141589425
1208.0031735321993 25.00369797111412
1209.0032289453688 24.960961323868386
1210.003116383911 25.19333917800614
1211.0359119633076 25.13332617305764
1212.0114365067523 25.164323438126843
1213.0105062426142 25.057326896095336
1214.0133754504377 25.05488858478015
1215.0144063204293 25.002505152058266
1216.036351018938 25.008698416122684
1217.0065234157566 25.046290510196894
1218.0106085216576 24.97848858926998
1219.0055324412417 24.971922317839432
1220.004729997819 24.990580090271045
1221.02319740442 25.077374814118365
1222.0067495501278 25.037135770509384
1223.0028196798794 25.004860832978682
1224.004443770253 24.93054012938593
1225.0071187222989 24.996770207687785
1226.001186609655 25.007226875079155
1227.0036514353221 24.99007875822008
1228.0413472423043 25.090905014273915
1229.0056884560195 25.173590076282558
1230.0115724177472 25.027789433641743
1231.0030547143047 25.005787411826716
1232.0011518600145 24.84093588283671
1233.0005396868276 24.950058819475895
1234.0207236837596 24.922109224802448
1235.0292121792086 24.977402691001707
1236.0017792928302 25.018029469087445
1237.0403820229442 24.946689963633524
1238.0017289448388 24.96331457896638
1239.0090447195134 25.133892162562997
1240.0046050723804 25.003090379512553
1241.011416603375 25.045146267025856
1242.0033043903984 25.03786565563434
1243.0207709776848 25.05847764729709
1244.03150112836 25.069047167115276
1245.0043505318247 25.077228412732502
1246.0015047262286 25.02981977071175
1247.0077376647805 25.005675757571705
1248.003463701148 24.92571589365062
1249.0006789606557 25.133197794685714
1250.0278947021106 25.0064654270197
1251.017549307675 25.000449077952247
1252.0452839393922 25.00729581169307
1253.0308780551009 24.88106107766656
1254.0027059039614 24.8818856159916
1255.022098581691 24.999395318310146
1256.0050398456704 25.00692391431921
1257.0091720145856 24.870084909697795
1258.006622799858 25.00690124352024
1259.013207091983 25.006095885101242
1260.005101581736 24.96566347433334
1261.0050958015574 24.90577507802586
1262.009912910955 25.00765950211298
1263.0012018953125 25.16994900652028
1264.0060478576038 25.003736341629523
1265.0005903520562 25.007138446006802
1266.008491749819 24.954332356493776
1267.0202576781628 25.007298732190346
1268.0342072243232 25.042350282299303
1269.0022148758935 25.042918755966564
1270.0268845940366 25.002864288715962
1271.0230817012987 25.002864288715962
1272.0103190698383 24.96560076068926
1273.0032468733968 25.073667474140866
1274.004602631961 25.07608775726464
1275.0042960056053 25.009151556255645
1276.0084049175812 24.912048275190692
1277.0196781691056 24.968275049225756
1278.0084042704211 24.96826962002757
1279.0303705926099 25.005355031500507
1280.0002076622632 25.064299223500274
1281.0120178006898 24.94632971241626
1282.0002882847566 25.103320831967604
1283.006946433641 25.195922221439364
1284.0079518385535 24.99984289229483
1285.0001106291334 25.08129024848646
1286.0194280968967 25.008388595233072
1287.0684670578953 24.896126166778217
1288.0028307032894 25.04548689389239
1289.001979656232 25.026141576931696
1290.0000525418334 25.137774154869913
1291.0134076108661 25.091240590391962
1292.001471808903 25.064109190614687
1293.0039878585715 25.002888005513498
1294.0046188702445 25.02421300372786
1295.0051851903893 24.991091322993412
1296.000563429067 25.000470721593654
1297.0104916741095 25.103847639798513
1298.0060497113104 25.00548069388502
1299.0105720472557 25.0039060416983
1300.0119112220777 25.02488615508815
1301.0324808005828 25.04063143514011
1302.0285129422064 25.009201990917997
1303.0187446481023 25.00441090952948
1304.0048682632746 24.99550514535239
1305.023429420411 24.781928136934496
1306.0151922762943 24.99281141978486
1307.0147719568035 25.051308277401912
1308.003358403575 25.018483472132058
1309.0360343826137 25.112770265109955
1310.003412145963 25.146237247041487
1311.0296860369162 25.1369867608844
1312.0212039319674 25.00270478925515
1313.0020890775472 25.062794312538223
1314.003762578268 25.0
1315.0085344063364 25.20406858152366
1316.0191391626634 25.1296207324626
1317.0030089374907 24.920688484724185
1318.0447951050887 25.034149862584222
1319.0238326139934 25.122360135354118
1320.001423601328 25.028411255823485
1321.0040871463727 24.89544880810494
1322.0349776110213 25.004098287198747
1323.0053670075079 25.073438435264368
1324.0328278903282 24.983477625139415
1325.005422303585 25.035843933262893
1326.0075806935654 25.064749897491353
1327.0066153656114 24.83525918643084
1328.0058417793707 24.936067593689785
1329.0340089038534 25.004168196390353
1330.0197079023826 25.034085621228254
1331.0029689320559 25.012116705255895
1332.0006919892617 24.931891242914656
1333.0017350974024 24.91996282167412
1334.0043323733378 24.884076638118078
1335.0012350137663 24.953042163323296
1336.0193930773232 24.975503092536858
1337.019431496424 24.982945350256966
1338.011574405472 24.943241705886802
1339.001145721169 25.03656042947631
1340.019492773423 25.001636527123296
1341.0288006153583 24.90676052778936
1342.0037514231635 24.967830127993786
1343.0573336411505 24.960864477522904
1344.0198255032667 24.906621414631378
1345.005436157105 24.933506338499
1346.0297956433947 25.013673506295756
1347.0021873770543 25.063068546732268
1348.013594991312 25.064497384400088
1349.0406659946054 25.046936370708597
1350.0349790282105 24.936076400600218
1351.001184987523 24.922719328860676
1352.0086635634486 24.956837444828082
1353.0031162509833 25.003760577250116
1354.0003792944938 25.007990845172984
1355.0212864037853 25.07793302827743
1356.012222478408 25.11524510927494
1357.0245647139639 25.083744150311382
1358.0033687880127 25.010198815964873
1359.036738271929 24.9966782344386
1360.0196174125726 24.965304203159747
1361.005194559505 24.94614819350965
1362.002498774055 24.98909058525202
1363.001116273091 24.908588224784644
1364.0120946486732 25.004342051976245
1365.0194771779093 24.945525769468325
1366.038949223593 24.9198204872155
1367.0071250681967 24.95760052222488
1368.0013155130034 24.809558214469195
1369.0014029207707 24.95809915990683
1370.0147258336654 25.017990858852787
1371.0063634953842 25.0414994195882
1372.0069644601697 25.017272441182104
1373.0039445522223 25.11482542455273
1374.021689924171 24.975452232305468
1375.0214891269293 25.00690362815657
1376.0630529722298 25.263934818350815
1377.0163368988199 25.138952839539385
1378.0000714267996 25.037860101580375
1379.005012650389 25.09877387105271
1380.0132504162716 24.971676137438145
1381.0104024960613 24.95917038338508
1382.00367378387 24.853296820772297
1383.0054327424466 24.95940881215544
1384.0042938659155 25.052402383769493
1385.0025718648583 24.946328712922497
1386.0009304555379 24.933735359443208
1387.0248916955647 24.914084954379746
1388.013243603716 25.040991301261
1389.0002954593854 25.057819740992098
1390.0209938409466 25.10359117492409
1391.000339799618 25.011359998221362
1392.0095268208963 24.998755247533232
1393.002603652281 25.004324055707908
1394.0205754248511 24.948100485897225
1395.0054966719629 25.100091130219546
1396.0499118058638 25.00357954140121
1397.0634233208054 24.957983270512038
1398.0068222810335 24.87473918557014
1399.027003566702 25.005482316123427
1400.0070085352327 24.994591200249854
1401.009160442245 24.95033057128353
1402.0016181928222 25.06166785207333
1403.0158269936273 24.98192047373107
1404.0023401728988 25.064139523517294
1405.0226549394208 25.047359134107992
1406.0007536273688 25.02761252325047
1407.0423705863232 25.049025371846376
1408.0137219383973 25.018955304922894
1409.010207967061 25.071923568773652
1410.0024390884646 24.925196993285503
1411.0266033453324 25.068203128174705
1412.0753487720747 25.048306150420945
1413.001129377912 24.938680285248793
1414.011361046225 24.839087815451556
1415.010985600117 25.00329030053476
1416.0042941741272 24.95525344106402
1417.0013688266629 24.93310180140356
1418.011002453294 25.04831375730433
1419.0045782565426 24.96354472115766
1420.0106031703347 25.00439131790586
1421.0153263416207 25.067639703082992
1422.0107085197808 25.009934497565478
1423.0035437483257 24.866151620428592
1424.010571555176 25.062604380043993
1425.0135147610465 25.00530615253582
1426.032013372469 25.019228326516387
1427.002233814161 24.954726503050505
1428.0408654858868 25.008494459327224
1429.0119377152425 24.922292608000582
1430.0214350581978 24.988581384956433
1431.004227599749 25.01531555129493
1432.0148973662363 24.98297169194883
1433.0136581162112 25.04946128120688
1434.068155072414 25.083221769912107
1435.0153545865953 25.121828556426305
1436.0074762765641 25.046758907235148
1437.0050224577033 25.010052616535457
1438.0264762494355 24.869080144762407
1439.000487951159 24.941403448484138
1440.0015195188762 25.123368663262116
1441.0014782227006 25.124537927074048
1442.008496893779 24.87695382233107
1443.0019380390509 25.01208002222782
1444.0035579783403 24.877650451786174
1445.0372337903668 24.978470167773317
1446.078589109954 24.90928274993987
1447.00242511554 24.9561900813285
1448.0108735417978 25.05275937068382
1449.0103454807722 25.068459440825016
1450.0038481484282 24.95654805428984
1451.00203199776 25.00744640840049
1452.007268974258 25.0115362412521
1453.0073094342545 25.073902131171373
1454.0170637442027 25.230731551475408
1455.0049130732189 25.070995573054503
1456.0181183072493 25.058806149474435
1457.0006020331696 24.899314560179384
1458.0066918114087 25.006679407620073
1459.0008443759712 24.928146302947447
1460.0145836307825 25.00779347593037
1461.0068045981159 25.008024894071692
1462.0002036447938 25.055253318168347
1463.0011889185464 25.04031363806473
1464.0111542216982 24.900285868535747
1465.0220480766175 24.994699281137972
1466.0147678509031 25.002910222655448
1467.0018546928725 25.00603491481314
1468.0262520649637 25.079513685401494
1469.0021740683783 25.0018960410151
1470.0057385880375 25.039372519693757
1471.02255790073 25.193327194877867
1472.0248574675907 24.98785191475318
1473.0173793154472 24.934823008700135
1474.0161632250388 24.94441717891412
1475.0078797189176 24.986017507618705
1476.0008012354017 24.990440993378602
1477.0177056462394 24.93789506024508
1478.0113830303992 25.004847160246907
1479.0522094318792 25.00737124999205
1480.0038027112864 25.085558086816416
1481.002414903908 24.931733208231744
1482.0001445060127 25.00199975082394
1483.0289123018779 25.004669853946595
1484.0314599648173 25.05129549708011
1485.006618422259 25.03010054937328
1486.0003073450769 25.141255735666896
1487.0128660172304 25.063407352717988
1488.0034823108858 25.046811549710657
1489.0389782942295 25.05790369277193
1490.001768366537 25.152562894806398
1491.019170827584 25.09975643982391
1492.0067366984429 25.08538444985432
1493.042948062156 25.097794648443582
1494.0211285907783 25.14192080720919
1495.0170637882109 25.073548727425944
1496.0053252151972 25.115284674590992
1497.008259289852 25.15104036957463
1498.016538864061 25.00911042496314
1499.0051543575928 25.005700523400783
1500.005203190875 25.006404217795193
#####################################################################
# End of data export. Simulation finished at: 2024-06-03T09:01+0000 #
#####################################################################
