#####################################################################
# Alchemist log file - simulation started at: 2024-06-03T08:59+0000 #
#####################################################################
#
# agentFrequency = 2.0, speed = 1.0, numberOfDrones = 10.0, seed = 30.0
#
# The columns have the following meaning: 
# time error 
0.0 76.72077718911838
0.0 76.72077718911838
1.0375731792742577 76.77676056140177
2.0000000000000004 77.65896733865384
3.0000000000000013 79.4365033972631
4.000000000000002 81.65370700110132
5.026255515665082 86.86967736266847
6.046160284711583 92.10774782522894
7.000222537846498 91.1139028739718
8.005184936739006 90.9495036448146
9.01309406659288 90.78145254638201
10.025120258603891 88.79845428222414
11.007343568964764 86.32573708527846
12.032240736193632 84.10664181313234
13.001416060281544 83.70176585101447
14.036603084033553 83.96541930331556
15.03099946900716 84.9121521329132
16.032253388625346 83.43633942212229
17.017384099110483 81.12944572309198
18.007269116279712 79.3729864140745
19.0 78.88448561247681
20.000000000000014 78.68388050085335
21.00000000000003 78.63526977502408
22.000000000000043 78.65629273602313
23.000000000000057 78.69881135168998
24.00000000000007 79.36741669680617
25.000000000000085 79.36741669680617
26.0000000000001 79.27981225233684
27.000000000000114 79.80691087091755
28.000000000000128 79.87435485708127
29.000000000000142 79.91405716698998
30.000000000000156 80.2257383914756
31.00000000000017 80.18664236620029
32.000000000000185 80.20386460017643
33.0000000000002 80.58716279748474
34.00000000000021 80.58716279748474
35.00000000000023 80.63557685761326
36.00000000000024 80.56407431412214
37.000000000000256 80.98405792527078
38.00000000000027 81.05262287166596
39.000000000000284 81.05262287166596
40.0000000000003 81.13302915127673
41.00000000000031 81.51674466103572
42.00000000000033 81.51674466103572
43.00000000000034 81.78415977873334
44.000000000000355 81.80930862661612
45.00000000000037 81.80930862661612
46.000000000000384 81.88151701539927
47.0000000000004 82.15338506783733
48.00000000000041 82.15338506783733
49.000000000000426 82.20160163216528
50.00000000000044 82.27822807591474
51.000000000000455 82.54641566553066
52.00000000000047 82.71216264114571
53.00000000000048 82.70731838530787
54.0000000000005 82.70731838530787
55.00000000000051 82.70731838530787
56.000000000000526 82.97656057980643
57.00000000000054 83.0972164292609
58.000000000000554 83.04113658830934
59.00000000000057 83.35485352490807
60.00000000000058 83.33616382915301
61.0000000000006 83.4465713038164
62.00000000000061 83.4465713038164
63.000000000000625 83.67757325761397
64.00000000000064 83.67757325761397
65.00000000000058 83.76347885127983
66.00000000000053 83.76347885127983
67.00000000000047 83.99807195996443
68.00000000000041 83.99807195996443
69.00000000000036 84.28112246417297
70.0000000000003 84.27935668621858
71.00000000000024 84.30026104496774
72.00000000000018 84.52959143275018
73.00000000000013 84.52959143275018
74.00000000000007 84.52959143275018
75.00000000000001 84.541576677323
76.00135487545997 84.541576677323
77.08781014258476 84.541576677323
78.07407008256698 84.73142291896235
79.0192197316312 84.85742430104357
80.01389536625341 84.85585317530457
81.05403669504399 85.14912272458938
82.03599313555371 85.14912272458938
83.00472215295105 84.27618750907732
84.03661918543446 83.05437675685708
85.09999999999944 82.10959043001081
86.09350344874991 81.44013279934966
87.01370863476474 81.04474009866878
88.04381373944368 81.12783351938921
89.01964471870552 81.11605348380904
90.02663113975058 81.1900302347036
91.0625289380269 81.19956962639701
92.05149247274538 81.24631455224488
93.06841479537614 81.08791915372394
94.02727947685923 81.16897057836445
95.07464256772701 81.24325005778907
96.00694846017883 81.24325005778907
97.09999999999876 81.3703412849303
98.08604860186183 81.25808461033117
99.01813557165907 81.25808461033117
100.0193277264103 81.35438114534097
101.01018458778783 81.1471296744278
102.00733114925045 81.33830245065259
103.03472118036554 81.33830245065259
104.02407640589892 81.30365440760859
105.05048390352472 81.30365440760859
106.05526517397188 81.30677231359132
107.03938987648807 81.3182314757299
108.01177376960445 81.49676725248763
109.09999999999808 81.49676725248763
110.05090673737216 81.45102866773539
111.05822846607558 81.16451890114892
112.04586178510455 81.19325567336936
113.02012480762609 81.79959226456766
114.01720132535557 81.28685742712895
115.02456408313597 81.31811603742753
116.01570978829227 81.32894804637661
117.03234202145323 81.42179643457665
118.09157998764516 81.46923567820117
119.03379476422153 81.17391669953648
120.02818009849861 81.2701295770661
121.01858847253884 81.17288245053953
122.03503044644188 81.08505964265187
123.01118306363153 81.26277928914512
124.04028237658845 81.30246361750811
125.07019101379804 81.2341113534536
126.01790867993887 81.2341113534536
127.0537104108751 81.43154795092293
128.01343352234028 81.14190423364431
129.077521264528 81.32133016367555
130.00609330499302 81.64799537722011
131.09999999999684 81.55369237829096
132.00747856562424 81.06489874418239
133.01539845638877 81.00091958838146
134.02437218630965 81.00091958838146
135.03996653449283 81.3239253234595
136.02123025311406 81.27845766014131
137.08028043315127 81.07480776694182
138.01689732310663 81.07480776694182
139.09817045495822 81.07480776694182
140.00498958160162 80.95908426552897
141.09999999999627 80.86828048824215
142.00169135876757 80.9967800920921
143.01742436280492 80.69543665266013
144.02319248526103 80.81997917379091
145.00920857624234 80.93231852935882
146.00669815250797 80.87868626878924
147.04081534662433 80.67213500895996
148.00655541834115 80.70110100270543
149.00379242007367 80.56649030869752
150.00787041901225 80.43668824966551
151.0012525072358 80.64114013212674
152.01486857275114 80.64065729483559
153.01944098597235 80.78217472939482
154.05490304006784 80.47473820798108
155.02452700358126 80.56960047258052
156.0067486810936 80.6920237929433
157.02748144380558 80.51592308113304
158.03895653090368 80.77147475168762
159.02453613811656 80.97303321076285
160.00696030640304 80.53941644146909
161.02785320023557 80.50626813394017
162.01424515210664 80.58765780974589
163.01410097884911 80.61239416924236
164.0038132952346 80.49341248492006
165.0006384375098 80.42672858136528
166.03735434585104 80.52340424514107
167.0004788046512 80.55122199922079
168.01708931425813 80.46127913749068
169.02539355418872 80.46127913749068
170.01281090672967 80.76729557873452
171.00454736398038 80.53570973829639
172.02429501339128 80.2404703569683
173.01313575184415 80.37388437700788
174.04726882749213 80.0872458564561
175.07996612531036 80.13326739636288
176.01377548585535 80.5159318502765
177.0554625580601 80.28158563567828
178.0197550630824 80.23364589772368
179.0408647349 80.20072526678467
180.03434301009193 80.43368644598515
181.07765524503696 80.56730945710265
182.08564061170514 79.95897806591825
183.01234354945188 79.80976729080518
184.00313686076348 80.02802718225462
185.02220919745827 79.74747286459383
186.0276396599546 79.74747286459383
187.0367371644434 80.05857931419591
188.02720005888517 79.70800525316135
189.0308697968552 79.70800525316135
190.01428221756157 79.90929833055601
191.0085947761931 80.0995575766283
192.06454145501317 79.61976349513394
193.00202106066075 79.61976349513394
194.0284707188553 79.92834791319392
195.05703677550324 79.45096129642916
196.00914240091464 79.665549385319
197.0347903582711 79.31637951088805
198.00644319160793 79.45815778890584
199.01008909877615 79.26574794338829
200.01872317334025 79.28565878764374
201.00722307535176 79.37471424583441
202.01999617194693 79.25225130630419
203.09999999999275 79.37726399801977
204.01655237796592 79.04079517086474
205.04715944987163 79.13071881212262
206.09475241748228 79.33217068390306
207.01658243088264 78.94411920698693
208.09999999999246 78.94411920698693
209.00865941070052 78.94411920698693
210.00023797202564 79.39061096382488
211.0148358881128 79.39061096382488
212.03480439042252 78.50852325020674
213.0080797775095 78.50852325020674
214.0640948856688 78.50852325020674
215.00815234329409 78.44015319612022
216.0066350592007 78.49269931469726
217.01674249756886 76.94154102314171
218.00053947305798 76.38153018117403
219.04534699394102 75.91287841457776
220.02796523870327 75.4355087707928
221.00774032501394 74.99353836489952
222.01773713391268 75.26318053117328
223.0072924682542 75.23771439914523
224.09975099754246 74.813581581888
225.0999999999915 74.83224083493148
226.0462243988655 75.23304121379239
227.0115877419362 75.23304121379239
228.08077590249576 74.61544340704027
229.03137961499962 74.61544340704027
230.02328410878093 74.83315027814797
231.00989586364147 74.56743869193714
232.00567921932046 74.56743869193714
233.02677096120465 74.88098049187819
234.02012122256266 74.88098049187819
235.0129877233346 74.88098049187819
236.0167055735235 74.19865584925593
237.0605935441997 74.37763019121124
238.08108655192342 74.64719585115182
239.0105869944645 74.64719585115182
240.0144145067349 74.05921544526282
241.0792504224583 74.1365134084822
242.01927794392896 74.23535195846625
243.03578360922472 73.71422106040468
244.09999999999042 73.9063315877191
245.01680283197706 74.05085491217473
246.0999999999903 73.54228123280782
247.00247453192222 73.57924250329535
248.02918184894583 73.80020662235346
249.02714456230706 73.41777320478423
250.00231064377593 73.58920749540556
251.09999999999002 73.85555557934899
252.0135474878702 73.37422024778289
253.0999999999899 73.55492927678466
254.00547735553863 73.32526175804529
255.04662331612676 73.31237829739358
256.00369414820034 73.41324227855475
257.00473032272373 73.42431752194666
258.0135859973264 72.89039239935042
259.0271427179006 72.52466686333125
260.0026159909962 71.942601917522
261.0105097594818 71.82226063206525
262.0016159363523 71.29874485037335
263.01748971520675 70.84169727677472
264.00986895590233 70.55284722692613
265.0828604728464 70.04743229456783
266.0581161130611 70.42835612629365
267.0659693530867 70.82979108486961
268.0760934407119 71.20943661473508
269.02488348585996 70.71256665886568
270.036938527851 70.99663013622273
271.0272014403815 70.88766588798984
272.01455146104456 70.6956836250817
273.0030413312914 70.23378116381582
274.0080760583223 70.05772848179404
275.04128412992293 70.2010323884617
276.028650727734 70.2010323884617
277.04434062797253 69.77706011562269
278.0437392808425 69.77251309579039
279.01200450576897 69.50660912643417
280.00495801706325 69.22300813275031
281.0787979114255 69.41227512069494
282.0285034227144 69.33217547550531
283.03581398140074 68.98292249468794
284.00220000689245 68.88113042111182
285.03453714998534 68.89624308411044
286.00432283945804 68.4611025972376
287.08521072788 68.51773868768151
288.0854979373745 68.51773868768151
289.00635066638324 68.02896852077032
290.03053405113934 68.20901405510139
291.0514887524194 68.182309032379
292.0999999999979 67.73340792186231
293.0054440630204 67.65043196702469
294.0172768148342 67.60107335538099
295.04620711730547 67.37934954831584
296.031447811381 67.31224059887674
297.0135224825508 67.48594007954884
298.04170767043206 67.1401061948496
299.04980460835156 67.1161746046214
300.04743438997156 67.06752298622894
301.02617205025734 67.13381274831646
302.00000000000017 67.13381274831646
303.0000000000004 66.64090026027802
304.0000000000006 66.52922046706065
305.00000000000085 66.34834411092835
306.0000000000011 66.3365727952363
307.0000000000013 65.99272882047707
308.00000000000153 66.15858987697553
309.00000000000176 66.01702312911715
310.000000000002 65.40997518677496
311.0000000000022 65.26595573943187
312.00000000000244 65.05109513884966
313.0000000000027 65.12701792779477
314.0000000000029 64.85858845804485
315.0000000000031 64.84556213744084
316.00000000000335 64.78123869002121
317.0000000000036 64.88539704992121
318.0000000000038 64.27728274402226
319.00000000000404 64.27728274402226
320.00000000000426 64.16788500348737
321.0000000000045 63.856274291659766
322.0000000000047 63.66699296305271
323.00000000000495 63.49851687614066
324.0000000000052 63.34136195845051
325.0000000000054 62.95982934034227
326.0000000000056 62.95982934034227
327.00000000000585 62.729846053792684
328.0000000000061 62.515278107985566
329.0000000000063 62.39246351472796
330.00000000000654 62.10824426870223
331.00000000000676 59.663046735953145
332.000000000007 57.86727271936965
333.0000000000072 56.78455533070695
334.00000000000745 55.43793677147082
335.0000000000077 54.28056585064585
336.0000000000079 53.21518341629912
337.00000000000813 52.10166323988875
338.00000000000836 51.783970854787725
339.0000000000086 51.67365210684387
340.0000000000088 51.64977151224552
341.00000000000904 51.27717030098049
342.00000000000927 51.30562785308024
343.0000000000095 51.25126809661781
344.0000000000097 51.25126809661781
345.00000000000995 51.214403810152525
346.0000000000102 50.81302276823589
347.0000000000104 50.75931797363991
348.00000000001063 50.937357788489216
349.00000000001086 50.68412779533787
350.0000000000111 50.418441055123374
351.0000000000113 50.512909668454206
352.00000000001154 50.52399980360364
353.00000000001177 50.35400123175312
354.000000000012 50.38493894951084
355.0000000000122 50.036728619043814
356.00000000001245 49.944168609525406
357.0000000000127 49.965496878748
358.0000000000129 49.029775668100285
359.00000000001313 48.133923031330795
360.00000000001336 47.08039086297142
361.0000000000136 46.17640465856181
362.0000000000138 45.003390471385316
363.00000000001404 43.01002134946054
364.00000000001427 40.126360317186254
365.0000000000145 37.979251884617526
366.0000000000147 36.85382346554056
367.00000000001495 36.218463154316396
368.0000000000152 35.33268797928163
369.0000000000154 34.44034716730706
370.00000000001563 34.09250637791574
371.00000000001586 34.082105264985685
372.0000000000161 34.1186821643252
373.0000000000163 33.919890657588425
374.00000000001654 34.06607272194825
375.00000000001677 33.83955609621418
376.000000000017 33.615294290031564
377.0000000000172 33.654553101246144
378.00000000001745 33.80140165935319
379.0000000000177 33.89504275866042
380.0000000000179 33.89504275866042
381.00000000001813 34.03698054381896
382.00000000001836 33.48157128645273
383.0000000000186 33.544348648889176
384.0000000000188 33.5339238127911
385.00000000001904 33.376216294373336
386.00000000001927 33.31893447201233
387.0000000000195 33.435259185325776
388.0000000000197 33.435259185325776
389.00000000001995 33.447988145159535
390.0000000000202 33.19941044280748
391.0000000000204 32.964488996261295
392.00000000002063 32.95007842959016
393.00000000002086 33.05519171991428
394.0000000000211 33.25142788982786
395.0000000000213 33.26922030725072
396.00000000002154 33.04208098366099
397.00000000002177 32.54111394228562
398.000000000022 32.624904215126094
399.0000000000222 32.50943821050115
400.00000000002245 33.025065829983554
401.0000000000227 32.62797900407858
402.0000000000229 32.592310812504174
403.00000000002314 32.50216891235634
404.00000000002336 32.45057293251267
405.0000000000236 32.47080036731262
406.0000000000238 32.28617398990769
407.00000000002404 32.236422706150904
408.0000000000243 32.165534984331345
409.0000000000245 31.908426672013626
410.0000000000247 31.904547387513606
411.00000000002495 32.00227333651544
412.0000000000252 32.07267076560628
413.0000000000254 32.08223168614076
414.00000000002564 32.452268833130745
415.00000000002586 32.2010291157793
416.0000000000261 32.29794829694986
417.0000000000263 32.02238343985737
418.00000000002655 31.864817720854695
419.0000000000268 32.0229373524915
420.000000000027 31.694890892941544
421.0000000000272 31.767237465635446
422.00000000002746 31.934127790298213
423.0000000000277 32.03978326693755
424.0000000000279 32.12922996448773
425.00000000002814 31.83756181426157
426.00000000002836 31.44488470565652
427.0000000000286 31.603782586127863
428.0000000000288 31.603782586127863
429.00000000002905 31.428129243435123
430.0000000000293 31.309538861350504
431.0000000000295 31.391194499141246
432.00000000002973 31.546292478387585
433.00000000002996 31.440865323436334
434.0000000000302 31.272021557569026
435.0000000000304 31.259242795179564
436.00000000003064 31.087020940068577
437.00000000003087 30.97811048662276
438.0000000000311 30.82610092859698
439.0000000000313 31.031508573881606
440.00000000003155 30.88542248298085
441.0000000000318 31.010729757205972
442.000000000032 30.947029899036757
443.00000000003223 30.894875905082987
444.00000000003246 30.69389031186808
445.0000000000327 30.568780486486315
446.0000000000329 30.69954964008902
447.00000000003314 30.69954964008902
448.00000000003337 30.251092478354508
449.0000000000336 29.36504886132035
450.0000000000338 28.31778635732587
451.00000000003405 27.23617747591724
452.0000000000343 26.433698523884786
453.0000000000345 25.3653825512098
454.00000000003473 25.118129440185015
455.00000000003496 24.973560799694454
456.0000000000352 24.84571218438363
457.0000000000354 24.887667226175665
458.00000000003564 24.87982212670189
459.00000000003587 25.0228403461316
460.0000000000361 24.962106116014912
461.0000000000363 25.014781655194277
462.00000000003655 24.879802784555665
463.0000000000368 24.77244439836613
464.000000000037 24.554027051763462
465.00000000003723 24.644351548356493
466.00000000003746 24.9951687824925
467.0000000000377 24.75976548876603
468.0000000000379 24.8001751951222
469.00000000003814 24.94315823612736
470.00000000003837 25.080063755948103
471.0000000000386 24.911256813949446
472.0000000000388 25.027041910044613
473.00000000003905 25.073798777321098
474.0000000000393 25.192345517790887
475.0000000000395 25.04065454048246
476.00000000003973 25.04065454048246
477.00000000003996 24.657100986099653
478.0000000000402 24.927572416476377
479.0000000000404 24.979215819664773
480.00000000004064 25.06073414126427
481.00000000004087 25.06073414126427
482.0000000000411 24.759171069464937
483.0000000000413 25.275847637009914
484.00000000004155 25.063781075163263
485.0000000000418 24.88295943814146
486.000000000042 25.201499106455696
487.00000000004223 25.270293750039254
488.00000000004246 25.270293750039254
489.0000000000427 25.2583626084623
490.0000000000429 24.935648176931362
491.00000000004314 24.91020477888307
492.00000000004337 25.010208627874505
493.0000000000436 25.12614130530289
494.0000000000438 24.93285732313983
495.00000000004405 25.004893459350566
496.0000000000443 25.082269786120523
497.0000000000445 25.19348351208214
498.00000000004474 25.104915497136545
499.00000000004496 24.88004329981008
500.0000000000452 24.92425609120781
501.0000000000454 25.036507971187287
502.00000000004565 25.036507971187287
503.0000000000459 24.870816192586126
504.0000000000461 25.269537222012808
505.0000000000463 25.06896400309851
506.00000000004655 25.059707368768628
507.0000000000468 25.155798748540487
508.000000000047 25.340277463354646
509.00000000004724 24.994819529871272
510.00000000004746 24.85887568060747
511.0000000000477 24.55719947557908
512.0000000000479 24.859159423707933
513.0000000000481 24.94899443698789
514.0000000000483 25.038445006342258
515.0000000000485 25.094306728365833
516.0000000000488 25.42892507317005
517.000000000049 25.1090568019323
518.0000000000492 25.349421914114878
519.0000000000495 25.144551465950077
520.0000000000497 25.074478860335173
521.0000000000499 25.18456524021908
522.0000000000501 24.962838968367997
523.0000000000504 25.02868499421288
524.0000000000506 24.837497820145398
525.0000000000508 25.05971234126654
526.000000000051 24.8555326460375
527.0000000000513 25.023029474687874
528.0000000000515 25.043785211994674
529.0000000000517 25.07560629388665
530.000000000052 25.040016025665544
531.0000000000522 25.01179148084747
532.0000000000524 24.867821295532753
533.0000000000526 24.798631397116225
534.0000000000529 25.0
535.0000000000531 25.05501774135627
536.0000000000533 25.174040328930673
537.0000000000535 25.219272759216455
538.0000000000538 25.106721399536685
539.000000000054 24.974566592227706
540.0000000000542 25.031954514517473
541.0000000000545 25.015181776702665
542.0000000000547 25.258890046240115
543.0000000000549 25.39329018707482
544.0000000000551 25.102320490894407
545.0000000000554 25.341804803209367
546.0000000000556 25.12670249719985
547.0000000000558 25.023135031989426
548.000000000056 25.1947430222138
549.0000000000563 25.08955710285472
550.0000000000565 25.065224217362015
551.0000000000567 25.10495188446775
552.000000000057 25.057007065994643
553.0000000000572 25.075324104730132
554.0000000000574 25.103354692094296
555.0000000000576 25.074338519657367
556.0000000000579 25.10530730310756
557.0000000000581 25.108295626193268
558.0000000000583 24.824771615856534
559.0000000000585 24.906991318417184
560.0000000000588 24.708109147680325
561.000000000059 24.83739488138196
562.0000000000592 24.930436013874147
563.0000000000595 25.02914940751554
564.0000000000597 24.66925184486367
565.0000000000599 24.64160467643036
566.0000000000601 25.035029010347596
567.0000000000604 24.874448570451154
568.0000000000606 25.069812978459538
569.0000000000608 24.949961926151683
570.000000000061 25.014414922506923
571.0000000000613 25.080794482731527
572.0000000000615 25.057473780565157
573.0000000000617 25.159778437540453
574.000000000062 25.127581057235574
575.0000000000622 24.861794933054274
576.0000000000624 24.90729094732069
577.0000000000626 24.985433530123313
578.0000000000629 25.17158946559092
579.0000000000631 25.0414124101236
580.0000000000633 25.16664871664618
581.0000000000636 25.26508667479267
582.0000000000638 25.306536840892004
583.000000000064 25.163783483210686
584.0000000000642 25.005537710080596
585.0000000000645 24.88616101141911
586.0000000000647 24.735877261259787
587.0000000000649 25.13868657853108
588.0000000000651 25.095702026188054
589.0000000000654 25.255586832345262
590.0000000000656 25.035760955518416
591.0000000000658 25.254983534957553
592.000000000066 25.059355257455703
593.0000000000663 25.184744582617082
594.0000000000665 25.035152767322014
595.0000000000667 24.951699154079098
596.000000000067 24.964127938681766
597.0000000000672 24.72777494563108
598.0000000000674 24.9122475949815
599.0000000000676 24.986031050439983
600.0000000000679 24.956652017784634
601.0000000000681 25.112261487379875
602.0000000000683 24.72005975208791
603.0000000000686 24.930985338484582
604.0000000000688 24.83495607497982
605.000000000069 24.96909996529675
606.0000000000692 24.965177467215618
607.0000000000695 25.10009380714702
608.0000000000697 25.127509019658167
609.0000000000699 25.18758657589645
610.0000000000701 25.025141092205285
611.0000000000704 25.135492042645257
612.0000000000706 25.228402283631045
613.0000000000708 24.974370385884786
614.000000000071 24.712538829515267
615.0000000000713 24.897097246647558
616.0000000000715 24.826948023470997
617.0000000000717 24.71888331315728
618.000000000072 24.712568079870284
619.0000000000722 24.542731255994177
620.0000000000724 24.87033935231029
621.0000000000726 24.745289962728926
622.0000000000729 25.110889146330763
623.0000000000731 25.069708188904368
624.0000000000733 25.12610677372453
625.0000000000736 24.79681873933185
626.0000000000738 24.816518241480857
627.000000000074 24.970397167128066
628.0000000000742 24.92421655973737
629.0000000000745 24.803690609001542
630.0000000000747 24.911512859641675
631.0000000000749 24.926604932824006
632.0000000000751 24.930805061475255
633.0000000000754 24.944007439012385
634.0000000000756 24.986383330046436
635.0000000000758 25.063416302509594
636.000000000076 25.017533970754492
637.0000000000763 24.989313114672658
638.0000000000765 24.964988579809003
639.0000000000767 25.07196400923405
640.000000000077 24.77345418263561
641.0000000000772 25.126389577655218
642.0000000000774 24.859912361947636
643.0000000000776 25.040639332142494
644.0000000000779 25.040639332142494
645.0000000000781 24.96976992795155
646.0000000000783 24.9189204105314
647.0000000000786 25.3034401419776
648.0000000000788 24.921516693398846
649.000000000079 24.856189699780497
650.0000000000792 25.036754011799935
651.0000000000795 25.036754011799935
652.0000000000797 25.186616030006586
653.0000000000799 24.83397287235118
654.0000000000801 24.9149826461506
655.0000000000804 25.069312757363093
656.0000000000806 25.069312757363093
657.0000000000808 24.809458043824637
658.0000000000811 24.780641837157273
659.0000000000813 25.098677716230284
660.0000000000815 24.80929411473484
661.0000000000817 24.745603466929754
662.000000000082 24.84508650196762
663.0000000000822 24.96109356074184
664.0000000000824 24.869360443578362
665.0000000000827 25.136219729794
666.0000000000829 25.0
667.0000000000831 25.085461608167815
668.0000000000833 24.869128247835512
669.0000000000836 24.9826842745371
670.0000000000838 24.69757055752489
671.000000000084 25.022685585113315
672.0000000000842 25.09144308225991
673.0000000000845 25.093850961875887
674.0000000000847 25.07134177637489
675.0000000000849 24.781113904739264
676.0000000000852 24.752565133043422
677.0000000000854 24.93364254578174
678.0000000000856 24.94792653531936
679.0000000000858 24.975187985285576
680.0000000000861 24.88942523264234
681.0000000000863 25.0258080442057
682.0000000000865 24.912827119828595
683.0000000000867 24.923058759314024
684.000000000087 25.186206473991568
685.0000000000872 24.877961002541117
686.0000000000874 24.86725512588021
687.0000000000877 24.875502436073642
688.0000000000879 25.023834426737306
689.0000000000881 25.087786295126985
690.0000000000883 25.028646275094022
691.0000000000886 24.644190759655547
692.0000000000888 24.695564570750832
693.000000000089 24.940918343484455
694.0000000000892 25.152480257663566
695.0000000000895 25.115937487720938
696.0000000000897 25.144244625245747
697.0000000000899 25.137672387230243
698.0000000000902 25.002769584403417
699.0000000000904 24.736323920199176
700.0000000000906 25.00571796201414
701.0000000000908 25.038212718849294
702.0000000000911 25.038212718849294
703.0000000000913 24.69240985495454
704.0000000000915 24.87561985285023
705.0000000000917 25.160276626924126
706.000000000092 25.570195318756515
707.0000000000922 25.26384212076254
708.0000000000924 25.39522163263073
709.0000000000927 25.19236118250653
710.0000000000929 25.19307226330758
711.0000000000931 25.09578996784591
712.0000000000933 24.917128509309173
713.0000000000936 24.960357541847536
714.0000000000938 25.115362612638336
715.000000000094 25.120933899463036
716.0000000000942 25.01000100040025
717.0000000000945 24.855054023135324
718.0000000000947 24.880666411306617
719.0000000000949 24.927285185745202
720.0000000000952 24.94572799185023
721.0000000000954 25.042238545263473
722.0000000000956 24.925417080414796
723.0000000000958 25.007240665152377
724.0000000000961 25.282551454894566
725.0000000000963 25.04001602566896
726.0000000000965 25.04768540672335
727.0000000000967 25.04768540672335
728.000000000097 25.161300418789963
729.0000000000972 25.289630915481748
730.0000000000974 25.036670355172497
731.0000000000977 25.205806071212766
732.0000000000979 24.78548188610636
733.0000000000981 25.03750427800281
734.0000000000983 24.697502361882357
735.0000000000986 25.206390251140384
736.0000000000988 25.0
737.000000000099 25.04001602566447
738.0000000000992 25.05789600022494
739.0000000000995 24.959035270752015
740.0000000000997 24.926029391778314
741.0000000000999 24.86241080712702
742.0000000001002 25.03935356236163
743.0000000001004 24.792000083667975
744.0000000001006 24.892629565239407
745.0000000001008 25.0
746.0000000001011 25.0
747.0000000001013 25.08359296704396
748.0000000001015 24.921653888073102
749.0000000001017 25.12058149858167
750.000000000102 24.975711280974316
751.0000000001022 25.119675649717067
752.0000000001024 25.132917256493652
753.0000000001027 25.128121736571998
754.0000000001029 25.0562369383425
755.0000000001031 25.026230570812725
756.0000000001033 25.178446237480994
757.0000000001036 24.92519211300967
758.0000000001038 24.90853094776134
759.000000000104 25.029618624667414
760.0000000001043 25.11438903363178
761.0000000001045 25.137131114596162
762.0000000001047 24.96532263973136
763.0000000001049 24.91856259108476
764.0000000001052 24.824559443649946
765.0000000001054 24.68772143810122
766.0000000001056 24.934591008021247
767.0000000001058 25.055184428974513
768.0000000001061 24.724863323005454
769.0000000001063 24.705241356236744
770.0000000001065 24.87254252665117
771.0000000001068 25.13139101883408
772.000000000107 25.074875289808162
773.0000000001072 25.167626332529707
774.0000000001074 24.943894283630794
775.0000000001077 24.76619829615363
776.0000000001079 25.068665706569902
777.0000000001081 24.781962112078983
778.0000000001083 24.823688209330015
779.0000000001086 25.041394199359555
780.0000000001088 25.041394199359555
781.000000000109 24.866556282499065
782.0000000001093 25.044947412484824
783.0000000001095 24.849485542047383
784.0000000001097 25.233222060411755
785.0000000001099 25.021254440992386
786.0000000001102 25.14447033632939
787.0000000001104 25.158028035666593
788.0000000001106 25.027869596827475
789.0000000001108 25.401074267953156
790.0000000001111 25.33063506501315
791.0000000001113 25.147186485854043
792.0000000001115 25.14938183289092
793.0000000001118 25.04468422606591
794.000000000112 24.771055152042464
795.0000000001122 24.799548459817544
796.0000000001124 25.027678825984893
797.0000000001127 25.014871124225373
798.0000000001129 25.087399108646967
799.0000000001131 24.970123827508473
800.0000000001133 25.0
801.0000000001136 25.02419962611521
802.0000000001138 25.32232212146919
803.000000000114 24.91858735276747
804.0000000001143 24.863394130220374
805.0000000001145 25.034469821511962
806.0000000001147 24.997381764526086
807.0000000001149 25.075741723948248
808.0000000001152 25.14030715059244
809.0000000001154 25.133306128885046
810.0000000001156 25.03922790215667
811.0000000001158 25.027936935024574
812.0000000001161 25.027936935024574
813.0000000001163 25.2406369205781
814.0000000001165 25.06785044089755
815.0000000001168 24.955043369954673
816.000000000117 25.023526624802287
817.0000000001172 24.851886312069436
818.0000000001174 24.921204406862472
819.0000000001177 24.8547200152081
820.0000000001179 24.93542795593221
821.0000000001181 24.84642986257966
822.0000000001183 25.076660944632103
823.0000000001186 24.91332507788016
824.0000000001188 24.932897947851618
825.000000000119 25.080591132912502
826.0000000001193 25.001462239948268
827.0000000001195 25.135998513225857
828.0000000001197 25.210930726617182
829.0000000001199 25.04056416495952
830.0000000001202 25.08218802121848
831.0000000001204 25.045634072339706
832.0000000001206 25.02979261295849
833.0000000001208 25.185796237038613
834.0000000001211 25.240718481655172
835.0000000001213 24.94656374781997
836.0000000001215 24.717180855560073
837.0000000001218 24.751924994349604
838.000000000122 24.82845279895401
839.0000000001222 24.743131048514083
840.0000000001224 25.023655349824754
841.0000000001227 25.24155472029709
842.0000000001229 25.257986450232913
843.0000000001231 25.14098853781062
844.0000000001234 25.1442556428775
845.0000000001236 25.252066148019427
846.0000000001238 25.030387157518902
847.000000000124 25.01626802175693
848.0000000001243 25.084670477947988
849.0000000001245 25.12976482515158
850.0000000001247 25.47626393266904
851.0000000001249 25.015057012435364
852.0000000001252 25.05877601889091
853.0000000001254 25.232772769337615
854.0000000001256 25.10757214593145
855.0000000001259 24.96227126205871
856.0000000001261 24.76975138682123
857.0000000001263 24.995351972724386
858.0000000001265 24.966624631868818
859.0000000001268 24.95030802155621
860.000000000127 25.169545003098737
861.0000000001272 25.083876245214068
862.0000000001274 24.80683944930791
863.0000000001277 24.896710776248838
864.0000000001279 25.267977987397327
865.0000000001281 25.205622033501257
866.0000000001284 25.18066548409252
867.0000000001286 25.15892318284928
868.0000000001288 25.072653734344577
869.000000000129 24.94961827811616
870.0000000001293 24.821995197598604
871.0000000001295 24.75088342727162
872.0000000001297 24.949784205770754
873.00000000013 25.05349674907598
874.0000000001302 25.116621320324345
875.0000000001304 25.00630144223436
876.0000000001306 25.008236452573033
877.0000000001309 25.089506992765898
878.0000000001311 25.06803920940132
879.0000000001313 25.015646377535926
880.0000000001315 25.120689429568376
881.0000000001318 25.037239524085177
882.000000000132 25.123081491624504
883.0000000001322 25.023693944150164
884.0000000001324 25.289456597022905
885.0000000001327 25.127126070590535
886.0000000001329 25.0
887.0000000001331 25.054693242448682
888.0000000001334 24.78553248967711
889.0000000001336 25.128910797428446
890.0000000001338 25.021939489726524
891.000000000134 25.102492318801445
892.0000000001343 24.959970730026388
893.0000000001345 25.022058281608793
894.0000000001347 25.238350929862552
895.000000000135 25.27091066634349
896.0000000001352 25.133175129729665
897.0000000001354 25.425027895631004
898.0000000001356 25.249411146565308
899.0000000001359 25.0278148616294
900.0000000001361 25.21901776212701
901.0000000001363 25.14315099511885
902.0000000001365 25.08862342406324
903.0000000001368 25.008538988245956
904.000000000137 25.07329407590909
905.0000000001372 25.04670611518357
906.0000000001374 25.04670611518357
907.0000000001377 24.97384940121112
908.0000000001379 25.142517967889756
909.0000000001381 24.803650240773283
910.0000000001384 25.07129881213754
911.0000000001386 25.135224993874942
912.0000000001388 24.837104908687166
913.000000000139 24.87041500529721
914.0000000001393 24.693759518129504
915.0000000001395 24.802816645381238
916.0000000001397 24.89527500809214
917.00000000014 24.85759933747108
918.0000000001402 24.909064659634048
919.0000000001404 25.038806335120693
920.0000000001406 24.813852058734994
921.0000000001409 24.894942180742945
922.0000000001411 24.974852032667997
923.0000000001413 24.992475250215705
924.0000000001415 24.839423143957312
925.0000000001418 24.789585511296604
926.000000000142 24.86527726619296
927.0000000001422 25.031104045743007
928.0000000001424 24.987817109987223
929.0000000001427 25.185946135652244
930.0000000001429 25.039750009446323
931.0000000001431 25.103713556769236
932.0000000001434 25.021923039590064
933.0000000001436 25.021923039590064
934.0000000001438 24.91959678144345
935.000000000144 24.79549666482098
936.0000000001443 24.79168456994124
937.0000000001445 24.807313154641285
938.0000000001447 24.976189682667076
939.000000000145 24.920864890919916
940.0000000001452 24.98612540611612
941.0000000001454 24.979276029405323
942.0000000001456 25.13425495230822
943.0000000001459 25.087377934391995
944.0000000001461 25.004564751836064
945.0000000001463 24.914161207993196
946.0000000001465 24.921312372128835
947.0000000001468 24.922639272142053
948.000000000147 25.069495790065357
949.0000000001472 25.21696559286859
950.0000000001475 24.902836608019776
951.0000000001477 24.844010045911894
952.0000000001479 24.82869545581749
953.0000000001481 25.200388666672396
954.0000000001484 25.2423728785325
955.0000000001486 25.323572359183835
956.0000000001488 25.213783353868102
957.000000000149 24.98682065240553
958.0000000001493 24.859818687249053
959.0000000001495 24.82670537996939
960.0000000001497 24.879316116774113
961.00000000015 24.90245077614003
962.0000000001502 24.837982881581638
963.0000000001504 25.0
964.0000000001506 25.067489706303842
965.0000000001509 24.623491559662845
966.0000000001511 24.97838874078644
967.0000000001513 24.813427476733473
968.0000000001515 25.110085782440144
969.0000000001518 25.091959699615614
970.000000000152 24.927267834845317
971.0000000001522 25.046737023408063
972.0000000001525 24.72334070366417
973.0000000001527 25.047458245426483
974.0000000001529 25.23245654539016
975.0000000001531 25.05941448667203
976.0000000001534 24.8968207954091
977.0000000001536 24.942890809761032
978.0000000001538 25.05752386618694
979.000000000154 25.020386681904142
980.0000000001543 24.900391231889163
981.0000000001545 24.872977851663702
982.0000000001547 24.906715886765806
983.000000000155 25.220379163758892
984.0000000001552 25.256665605971964
985.0000000001554 25.09780772963391
986.0000000001556 25.245252769228376
987.0000000001559 25.26275635927522
988.0000000001561 25.095454166954617
989.0000000001563 25.119344058674812
990.0000000001565 25.10520028656541
991.0000000001568 25.120016390189388
992.000000000157 25.268635910327543
993.0000000001572 25.141832954091853
994.0000000001575 25.228855082190048
995.0000000001577 25.277847084269368
996.0000000001579 25.034328008985693
997.0000000001581 24.959514548920612
998.0000000001584 24.97924640037705
999.0000000001586 24.87682419908718
1000.0000000001588 25.10116828066015
1001.000000000159 25.08946019013958
1002.0000000001593 24.902093246947842
1003.0000000001595 25.041867446883984
1004.0000000001597 25.156728256252197
1005.00000000016 25.04119754704841
1006.0000000001602 24.96931527136463
1007.0000000001604 24.96704290974751
1008.0000000001606 24.89556270360851
1009.0000000001609 24.89556270360851
1010.0000000001611 25.17336634528994
1011.0000000001613 25.286156844804687
1012.0000000001615 25.09470783380247
1013.0000000001618 25.278110910175027
1014.000000000162 24.74458757399735
1015.0000000001622 24.79797507428673
1016.0000000001625 25.02861716682904
1017.0000000001627 25.059433168460277
1018.0000000001629 25.18346313402741
1019.0000000001631 25.05631690170153
1020.0000000001634 24.994910019932608
1021.0000000001636 24.8626356913815
1022.0000000001638 24.768310028390147
1023.000000000164 24.95060836726168
1024.0000000001642 24.97164873225131
1025.0000000001633 25.00759700570171
1026.0000000001623 25.112013450272052
1027.0000000001614 25.12365451421672
1028.0000000001605 25.147592854453812
1029.0000000001596 25.024280924741902
1030.0000000001587 25.00433880073005
1031.0000000001578 25.054105795951006
1032.000000000157 24.96473048080256
1033.000000000156 24.97710804062109
1034.000000000155 24.839857463362463
1035.0000000001542 25.026547602696763
1036.0000000001532 25.024506474065213
1037.0000000001523 25.025432698816047
1038.0000000001514 24.91768586136951
1039.0000000001505 25.0
1040.0000000001496 25.072003344522113
1041.0000000001487 24.779471404076354
1042.0000000001478 24.967650645638898
1043.0000000001469 25.223336666897733
1044.000000000146 25.018305619335916
1045.000000000145 24.96883036699163
1046.0000000001442 24.995069505251966
1047.0000000001432 24.957839197202226
1048.0000000001423 25.18141207460858
1049.0000000001414 25.020037879998714
1050.0000000001405 25.020037879998714
1051.0000000001396 25.096876494358476
1052.0000000001387 25.09425952639324
1053.0000000001378 24.898961586848426
1054.0000000001369 24.91806955451882
1055.000000000136 24.979000034083462
1056.000000000135 24.726956245646164
1057.0000000001342 24.726956245646164
1058.0000000001332 24.77672592721403
1059.0000000001323 24.982886724199382
1060.0000000001314 25.017146310814166
1061.0000000001305 24.910882438967064
1062.0000000001296 24.84854623811056
1063.0000000001287 25.043249847640478
1064.0000000001278 25.138706995985793
1065.0000000001269 25.121981946924343
1066.000000000126 25.125405840378598
1067.000000000125 25.156751439536205
1068.0000000001241 24.971007959036918
1069.0000000001232 24.859034849160793
1070.0000000001223 24.915421876804423
1071.0000000001214 25.07666017657781
1072.0000000001205 25.028930576083248
1073.0000000001196 24.90025643112636
1074.0000000001187 25.19020488766596
1075.0000000001178 25.137770117083985
1076.0000000001169 25.139756730694266
1077.000000000116 25.164876171653162
1078.000000000115 25.027599347958315
1079.0000000001141 24.931010294435367
1080.0000000001132 25.208606343337557
1081.0000000001123 25.042011520114034
1082.0000000001114 25.015981321770322
1083.0000000001105 24.9871196912081
1084.0000000001096 24.816487522807392
1085.0000000001087 24.782039448279868
1086.0000000001078 24.772228660881638
1087.0000000001069 24.905202448514494
1088.000000000106 24.918166287933158
1089.000000000105 25.07503774238735
1090.0000000001041 25.038155423081818
1091.0000000001032 24.985824902840857
1092.0000000001023 25.038115751231487
1093.0000000001014 24.99482716583744
1094.0000000001005 25.0131920249788
1095.0000000000996 25.02134166655506
1096.0000000000987 24.867439902402612
1097.0000000000978 24.95376323212468
1098.0000000000969 25.01841764141616
1099.000000000096 25.105534893416834
1100.000000000095 25.065695335007984
1101.0000000000941 25.10774941549995
1102.0000000000932 25.0359742030927
1103.0000000000923 25.053437011301323
1104.0000000000914 25.040089721420134
1105.0000000000905 24.950659892124147
1106.0000000000896 25.082927721140074
1107.0000000000887 25.082927721140074
1108.0000000000878 25.389256858625043
1109.0000000000869 25.346785715042863
1110.000000000086 25.578215668892486
1111.000000000085 25.164846658529456
1112.0000000000841 25.013190595345716
1113.0000000000832 24.99853867251289
1114.0000000000823 25.266286676120956
1115.0000000000814 25.369398428493923
1116.0000000000805 25.007304962336267
1117.0000000000796 25.21860722267178
1118.0000000000787 24.819816639854523
1119.0000000000778 24.672538332033113
1120.0000000000769 24.720217173727878
1121.000000000076 24.759192321219654
1122.000000000075 25.013689644698665
1123.0000000000741 25.137322590448623
1124.0000000000732 25.088797830631528
1125.0000000000723 25.332115875236898
1126.0000000000714 25.24889365135383
1127.0000000000705 25.297529196956322
1128.0000000000696 25.135744653391864
1129.0000000000687 25.102229437249257
1130.0000000000678 25.26736191086603
1131.0000000000668 25.172462149421015
1132.000000000066 25.0345488023638
1133.000000000065 24.86587421772138
1134.0000000000641 25.129906160305296
1135.0000000000632 25.025900967335286
1136.0000000000623 24.77117820318971
1137.0000000000614 25.043103856786615
1138.0000000000605 25.197154081913816
1139.0000000000596 25.402360640914992
1140.0000000000587 25.36397853510731
1141.0000000000578 25.557367132283694
1142.0000000000568 25.56995773402911
1143.000000000056 25.247732777568377
1144.000000000055 25.157323997900548
1145.0000000000541 25.0368402169916
1146.0000000000532 25.434909064964593
1147.0000000000523 24.950358465376468
1148.0000000000514 25.03916392958503
1149.0000000000505 24.702948650421348
1150.0000000000496 24.707414091047777
1151.0000000000487 24.950854638948577
1152.0000000000477 25.040700038479216
1153.0000000000468 25.0271645076257
1154.000000000046 24.822918757058478
1155.000000000045 24.72008168628891
1156.000000000044 24.864911324985577
1157.0000000000432 24.92560891394826
1158.0000000000423 24.995437000216533
1159.0000000000414 24.995437000216533
1160.0000000000405 24.94339387489915
1161.0000000000396 25.05306277985329
1162.0000000000387 25.07650738847073
1163.0000000000377 25.456690003468907
1164.0000000000368 25.451116200116452
1165.000000000036 25.166514579923213
1166.000000000035 25.024420023442698
1167.000000000034 25.024420023442698
1168.0000000000332 25.124067775617682
1169.0000000000323 24.75156814460813
1170.0000000000314 24.86802449997302
1171.0000000000305 24.980612939997105
1172.0000000000296 25.104942708996955
1173.0000000000286 25.00128625725856
1174.0000000000277 24.94738815836058
1175.0000000000268 24.711871426292166
1176.000000000026 24.78369034556003
1177.000000000025 24.625464536382086
1178.000000000024 24.621745911683565
1179.0000000000232 24.6946026467804
1180.0000000000223 24.59607556861805
1181.0000000000214 24.66735124619244
1182.0000000000205 24.529050034109297
1183.0000000000196 24.85357420143363
1184.0000000000186 24.980383668092472
1185.0000000000177 24.97270361862572
1186.0000000000168 25.156379638283415
1187.000000000016 25.18487972963101
1188.000000000015 25.08661967546133
1189.000000000014 25.040085284762405
1190.0000000000132 25.11063885164645
1191.0000000000123 24.95599256393985
1192.0000000000114 24.952980024203267
1193.0000000000105 25.03868589877703
1194.0000000000095 25.067105096526824
1195.0000000000086 25.049165009055994
1196.0000000000077 24.890312966776914
1197.0000000000068 24.97944941486654
1198.000000000006 25.19178281913194
1199.000000000005 25.188331465165497
1200.000000000004 25.18794658383312
1201.0000000000032 25.129684146262523
1202.0000000000023 24.836468066032317
1203.0000000000014 24.948878713810878
1204.0000000000005 24.834443083603787
1205.036564191653 25.020392371348866
1206.0085947705306 25.005106468860173
1207.0450724299887 25.09893069945913
1208.0084362341613 25.173949360926287
1209.0519046930617 25.310459200032124
1210.0090046773512 24.83332273329067
1211.0069371246934 25.02549821065569
1212.0344884039357 24.9447843211696
1213.0381376977914 25.15251403687969
1214.0037408774763 25.24613875609099
1215.0134192563937 25.39173272315844
1216.0513720947636 25.144532925344482
1217.0103452959488 25.19258516911566
1218.0541381730486 25.37678497411934
1219.0087980724602 25.100889664217803
1220.0032667711798 25.017172820133297
1221.034443056215 25.025310969372857
1222.0444332068537 25.006092610231693
1223.0465374991998 25.006049507806082
1224.0169143912865 24.965336605195233
1225.0010326107595 25.15778262718662
1226.0383257525666 24.99076627395995
1227.02700206278 25.126295959632113
1228.003342187182 25.0706147247896
1229.0002658332653 25.22007770984586
1230.0197120713267 25.29519566252938
1231.0452047180002 25.016760955542694
1232.003216374167 24.96626493804836
1233.0530933596822 25.09567948022084
1234.0050191351881 24.945912812720533
1235.0405715815361 25.06940537583404
1236.0303585736272 25.065377505741285
1237.0318680692626 25.172140479263216
1238.0266569359787 25.028875277551663
1239.0284477793507 25.028875277551663
1240.0184009243947 24.738625785335913
1241.0360454757079 25.010801553147957
1242.006418344745 25.05081493977481
1243.0238225327182 25.15487342050431
1244.099999999964 25.010001000400248
1245.0031391471093 25.01557416697806
1246.0999999999622 25.156833426783848
1247.0197649426084 24.995661713745925
1248.027277636735 25.033914478564558
1249.0237414213104 24.65828223221449
1250.0028798420967 24.83680066961384
1251.0914761710533 25.019643070434185
1252.0100104007442 24.88746034310783
1253.0019834142809 24.808296458596345
1254.0125110936617 25.043155165087306
1255.011796286283 24.97670918785397
1256.0038901221258 25.07552480461399
1257.0011788426668 25.22688611474589
1258.0125133382087 25.20120475756955
1259.0416454374765 25.015690894343333
1260.0999999999494 25.01692911836099
1261.029052446361 24.97811387682253
1262.0050196633845 24.971774970271582
1263.013720921421 24.858321807385558
1264.0068013356506 24.67004584767036
1265.0778606167312 24.754720819555764
1266.039052434659 25.036079834135943
1267.01372941883 25.019961042186285
1268.003419862392 24.981643761582784
1269.002885781384 25.109986563763044
1270.039563873157 24.909127458777462
1271.0612242641655 24.909127458777462
1272.031304844253 24.929604888011514
1273.010235443855 24.93571193728559
1274.019403947223 24.71801123622546
1275.0096993349362 24.608240345724116
1276.0152228495183 24.705863208336645
1277.037775763513 25.15417393906353
1278.009608708365 25.14116389226446
1279.0999999999322 25.008464992462144
1280.0711912867628 25.01447346709458
1281.0999999999303 24.833218862287396
1282.01459721322 24.975758226160288
1283.0190859894992 25.047017677673526
1284.0273151199026 24.74985941097754
1285.002493046442 25.098109106487875
1286.050016947532 24.78444656930611
1287.0999999999249 24.87567658942787
1288.01026678567 25.012478120580486
1289.049620609369 25.057927225690474
1290.075424375799 25.220800342774183
1291.0332457932652 25.021665921132644
1292.0009810171562 25.303388668550895
1293.0999999999194 25.068530286788732
1294.042737175818 25.068530286788732
1295.0051072706854 25.03088376467385
1296.049039611048 25.086069015060495
1297.020908409173 24.99413156601831
1298.0463375882011 25.038185100860883
1299.0457420287596 25.325508155269922
1300.009774536582 25.149136552809786
1301.0055357368904 25.045375216363464
1302.0210640893465 25.1469251953686
1303.0356561796862 25.1469251953686
1304.0072543181882 25.208263843505854
1305.0134377481108 25.426903253456423
1306.0094854829874 25.21057744062925
1307.0389268071583 25.087423073021885
1308.0093366300919 25.180203221595843
1309.013311962858 25.118371085655717
1310.0130585903264 25.248435567146615
1311.0091909694547 25.36708064955507
1312.0663290106754 25.370677690078885
1313.0999999999012 25.300506426936636
1314.0213320836112 25.112974435227738
1315.0495484644907 25.116145105752864
1316.0187316342788 25.032545729497958
1317.0450102555794 24.944045586956246
1318.0070726560325 24.944045586956246
1319.0178009619206 24.86359937535451
1320.0295114092833 25.024423704173753
1321.001697916408 24.782056489880702
1322.0355512282003 24.767149795614767
1323.016003192806 24.873719454311438
1324.0110565926293 24.873719454311438
1325.04736969093 24.873719454311438
1326.0999999998894 25.0399530113189
1327.004272410648 24.90745875136198
1328.003530449332 25.077763812226692
1329.0999999998867 25.077763812226692
1330.0030634836442 25.63042858968854
1331.002881046031 25.185234094006525
1332.0390129099942 25.075632028598445
1333.0230960335757 25.049536181900766
1334.0051042042444 25.250485536066815
1335.0349484701023 25.15349123307935
1336.002526962168 25.040016025664812
1337.0742119227405 24.9707599691369
1338.005217663316 24.939486493352383
1339.0033290886133 25.011239312664145
1340.0217610481523 24.994659411871027
1341.0015163831642 24.98389392515566
1342.0007793872715 24.98389392515566
1343.0494708967383 25.159528829059127
1344.0331144065735 25.22250874442992
1345.004444474476 25.24596390882549
1346.004637561023 25.32807400715409
1347.0347850908151 25.31630582229115
1348.0018630519303 25.097336099101902
1349.0999999998685 24.900071311698987
1350.0224688102794 24.945951335307498
1351.0051280056107 24.91742689910058
1352.0517536608124 24.627934159083463
1353.0196139019263 24.90435054166767
1354.0043783619528 24.856570807036267
1355.0115311898767 24.88750899416963
1356.0037013928124 25.006190295085904
1357.0568001879333 24.995304838623507
1358.0313117041776 24.838705372092946
1359.0183224793568 24.81929714381839
1360.0265785856975 24.565205574627512
1361.0203028312603 24.65165363117922
1362.0192018389469 24.9508895533713
1363.0757132470019 25.158546171361962
1364.0930898465103 25.00445179823357
1365.004346133607 25.341185232656386
1366.0075487848962 25.260304640705165
1367.0178003086717 25.021076124521088
1368.0051399907745 25.15358575017159
1369.033148579394 25.26338551198822
1370.0424466175352 25.20375894402957
1371.0161848766486 25.05959213344723
1372.0001290805396 25.065794481147538
1373.0999999998467 25.28000203943351
1374.0149300018627 25.235155285301808
1375.0084158928207 25.15259262499309
1376.0585519010413 25.28900164675372
1377.014895878 25.727541601973027
1378.028028317716 25.558891951625444
1379.0001547672898 25.35062793545579
1380.029399362176 25.174023122386508
1381.0999999998394 25.051499101398072
1382.0199315045363 25.312499409640964
1383.0525498745453 25.21544277061312
1384.0228878838684 25.242993733819652
1385.0075512012263 25.232442997972875
1386.002949734817 25.122761393823094
1387.099999999834 25.126546361952382
1388.099999999833 25.18756313855847
1389.0094213345758 25.322711851315653
1390.014636629567 25.19227573900949
1391.000442732643 25.11591458556093
1392.0999999998294 25.237908081564992
1393.0037523948643 25.128603123609196
1394.0172760761163 25.031058284313367
1395.0731377251652 25.071462377459373
1396.0084263718702 25.11051122228549
1397.007890536147 25.173953357778114
1398.0137494315877 25.24324780836024
1399.0044295113616 24.965792997233
1400.0320979808114 25.20525655985336
1401.0567104493196 25.358137736365787
1402.0023433440178 25.106084898637768
1403.0241920605788 24.992678657196763
1404.0178103141488 24.887265520842686
1405.0032829400457 25.026928223736334
1406.0189014610087 25.194351914950914
1407.0228487724717 25.227474153225653
1408.028728158482 25.144474056271896
1409.0093509813375 25.098625293878346
1410.0125824110592 24.975502999357005
1411.0303056141051 24.851372963227686
1412.011185770249 24.926007256922386
1413.0234068506884 24.70821509657632
1414.0148683367274 24.86534616958746
1415.0063500628212 25.052651191162074
1416.0557954267572 25.069613639645954
1417.0189269021168 25.15059541640246
1418.034175649065 25.128711612741455
1419.055756313391 25.143329899828
1420.0188708685998 25.014329740757002
1421.0179705798157 25.08926240922224
1422.0003095604388 25.12670633587932
1423.0162189223229 24.934782870803424
1424.0032021583409 25.11150629349646
1425.000040817233 25.01185781764874
1426.0618202852904 24.856832864001916
1427.0181161855485 24.856832864001916
1428.0299961093087 24.991091632035324
1429.0378173726053 24.950609132538688
1430.002231317477 24.818595757276817
1431.0757894549217 24.77408138331595
1432.099999999793 24.631469641469835
1433.0390986582154 24.603915351632395
1434.0677023708681 24.790917305639002
1435.0831132435965 24.981490194420267
1436.006243512736 25.07327384834924
1437.0868263191771 25.119184344242207
1438.0919128798464 24.57702618582853
1439.0049270554491 24.344700741353122
1440.0315988027994 24.92259649839577
1441.013667912834 24.85964558216189
1442.048174716286 24.901378688539275
1443.0101378045888 25.19728747075924
1444.015215059363 25.193138303609107
1445.025378635878 25.069800018967264
1446.0038937683728 24.932153016331323
1447.0326139146425 24.880329839775683
1448.0018810266274 25.038294418255536
1449.0182894326522 24.854602444906618
1450.0434696572129 25.0
1451.0486045731489 25.075795909240785
1452.01153816088 25.35006761495006
1453.0285181682684 25.171747487867933
1454.099999999773 25.013368256412626
1455.0117849706585 25.05789334022908
1456.0867768646117 25.0433986999233
1457.0785340625464 25.049107479177003
1458.0086293874995 25.02549009121458
1459.058879283882 25.122638217417524
1460.0504562328924 25.032327482016957
1461.0249192543752 25.21820894190473
1462.0736198549355 25.22387942877238
1463.0999999997648 24.62520364366185
1464.0315929954113 25.042538261542397
1465.003567605252 25.018222842947285
1466.0181656114487 25.040860078933747
1467.0128171395854 25.026935501071726
1468.0326087179965 25.155702541898126
1469.0043662776225 25.016059659877047
1470.0044757541386 25.3897638977678
1471.0008549063364 25.069771256809375
1472.0291354728995 25.004518716728512
1473.0074291871588 25.018631726986936
1474.0255219999904 24.977770792285
1475.099999999754 24.99081687887002
1476.0179660927724 24.931733705795878
1477.077326470717 24.98950411643866
1478.0829895347836 24.977441560605094
1479.0428992530142 25.23077735110847
1480.004526884374 24.72382683260123
1481.0140434838102 24.987914468575084
1482.0172877954572 24.897670587806445
1483.0270399971473 25.0
1484.0040626338641 25.01000100040025
1485.0160128178973 25.049327747953583
1486.0270091336042 25.01122751591563
1487.0224471240367 25.244760270999567
1488.099999999742 25.217203857315788
1489.025814518528 25.088190715879755
1490.008679694109 24.839086830576587
1491.0911748937988 25.091764956348836
1492.0151688682884 25.04419070753317
1493.0265564523697 25.083324225873348
1494.0189459883875 25.052707005085146
1495.0119887559176 24.566323670378836
1496.037571754939 24.95834691767804
1497.0178684003051 24.84797160635768
1498.0852874661682 25.009322214364225
1499.0045083172467 24.997083079318035
1500.0126925043032 25.032665143657084
#####################################################################
# End of data export. Simulation finished at: 2024-06-03T09:00+0000 #
#####################################################################
