#####################################################################
# Alchemist log file - simulation started at: 2024-06-03T10:15+0000 #
#####################################################################
#
# agentFrequency = 1.0, speed = 1.0, numberOfDrones = 1.0, seed = 66.0
#
# The columns have the following meaning: 
# time error 
0.0 2.4778247883686055
0.0 2.4778247883686055
1.0999999999999999 2.4778247883686055
2.0000000000000004 1.7866563352119964
3.0000000000000013 0.8255074460220135
4.000000000000002 0.41326048289476214
5.015971102348586 1.3852934989869503
6.099999999999994 2.467243792159299
7.099999999999991 2.536771773321283
8.099999999999987 2.536771773321283
9.099999999999984 2.536771773321283
10.09999999999998 2.536771773321283
11.099999999999977 2.5
12.001005639743195 2.5
13.001005639743195 2.5
14.099999999999966 2.4876891626262396
15.099999999999962 2.4876891626262396
16.09999999999996 2.4960211540023085
17.06016282785051 2.499999999999999
18.06016282785051 2.499999999999999
19.0 2.4688405560209064
20.000000000000014 2.4688405560209064
21.00000000000003 2.4688405560209064
22.000000000000043 2.4688405560209064
23.000000000000057 2.499999999999999
24.00000000000007 2.499999999999999
25.000000000000085 2.499999999999999
26.0000000000001 2.499999999999999
27.000000000000114 2.4393171504259135
28.000000000000128 2.4393171504259135
29.000000000000142 2.4393171504259135
30.000000000000156 2.4393171504259135
31.00000000000017 2.4393171504259135
32.000000000000185 2.4393171504259135
33.0000000000002 2.4393171504259135
34.00000000000021 2.4393171504259135
35.00000000000023 2.4393171504259135
36.00000000000024 2.4393171504259135
37.000000000000256 2.500000000000001
38.00000000000027 2.500000000000001
39.000000000000284 2.500000000000001
40.0000000000003 2.500000000000001
41.00000000000031 2.4138164719927233
42.00000000000033 2.350756950246084
43.00000000000034 2.350756950246084
44.000000000000355 2.350756950246084
45.00000000000037 2.422426050840703
46.000000000000384 2.3972168116841392
47.0000000000004 2.3972168116841392
48.00000000000041 2.3972168116841392
49.000000000000426 2.3972168116841392
50.00000000000044 2.3972168116841392
51.000000000000455 2.3972168116841392
52.00000000000047 2.473598561160786
53.00000000000048 2.35173371147173
54.0000000000005 2.35173371147173
55.00000000000051 2.35173371147173
56.000000000000526 2.35173371147173
57.00000000000054 2.35173371147173
58.000000000000554 2.5
59.00000000000057 2.3960541870169667
60.00000000000058 2.327867999884895
61.0000000000006 2.327867999884895
62.00000000000061 2.327867999884895
63.000000000000625 2.327867999884895
64.00000000000064 2.327867999884895
65.00000000000058 2.327867999884895
66.00000000000053 2.327867999884895
67.00000000000047 2.152967085006979
68.00000000000041 2.2761095300192227
69.00000000000036 2.2761095300192227
70.0000000000003 2.2761095300192227
71.00000000000024 2.2761095300192227
72.00000000000018 2.5
73.00000000000013 2.5
74.00000000000007 2.2879121476229356
75.00000000000001 2.2879121476229356
76.09999999999995 2.2879121476229356
77.00962500956499 2.2879121476229356
78.07281542818248 2.5
79.09999999999978 2.2953760751950263
80.09999999999972 2.2953760751950263
81.09999999999967 2.2953760751950263
82.09999999999961 2.2953760751950263
83.09999999999955 2.2953760751950263
84.0298618519382 2.2953760751950263
85.0710642035892 2.5
86.09999999999938 2.234005690850325
87.04390582995315 2.234005690850325
88.09999999999927 2.234005690850325
89.09999999999921 2.234005690850325
90.09056891967411 2.5
91.0999999999991 2.3207290962999525
92.09999999999904 2.3207290962999525
93.09999999999899 2.3207290962999525
94.09999999999893 2.3207290962999525
95.09999999999887 2.3207290962999525
96.09999999999881 2.3207290962999525
97.09999999999876 2.3207290962999525
98.0999999999987 2.3207290962999525
99.06864322005303 2.3207290962999525
100.09999999999859 2.1164920109956875
101.09999999999853 2.1164920109956875
102.09999999999847 2.1164920109956875
103.09999999999842 1.9767361296325907
104.09999999999836 1.9767361296325907
105.0999999999983 1.9767361296325907
106.09999999999825 1.9767361296325907
107.09999999999819 2.126664130289236
108.09999999999813 2.347104096441092
109.09999999999808 2.347104096441092
110.05880232613897 2.347104096441092
111.05880232613897 2.153372502694477
112.04092248312244 2.153372502694477
113.08776470780928 2.153372502694477
114.09999999999779 2.0789544909643936
115.09999999999773 2.3342558935376756
116.09999999999768 2.3342558935376756
117.03722484824041 2.3342558935376756
118.08062098558881 2.5
119.09999999999751 2.282153220258932
120.09999999999745 2.282153220258932
121.0999999999974 2.5
122.09999999999734 2.5
123.09999999999728 2.5
124.09999999999722 2.5
125.09999999999717 2.5
126.09999999999711 2.3092520826930616
127.09999999999705 2.1128770048692416
128.099999999997 2.1128770048692416
129.09999999999695 2.1128770048692416
130.0999999999969 2.1128770048692416
131.09999999999684 2.1128770048692416
132.09999999999678 2.230735625034518
133.05841901915153 2.230735625034518
134.09105359819665 2.230735625034518
135.0999999999966 2.230735625034518
136.09999999999656 2.230735625034518
137.0999999999965 2.5
138.09999999999644 2.5
139.09999999999638 2.1415798761416145
140.09999999999633 2.1415798761416145
141.09999999999627 2.1415798761416145
142.0156496840068 2.3383670474947342
143.0156496840068 2.4999999999999996
144.0999999999961 2.215953272279956
145.09999999999604 2.215953272279956
146.099999999996 2.215953272279956
147.0479200202607 2.215953272279956
148.02130055014376 2.215953272279956
149.02130055014376 2.5
150.08623945658167 2.5
151.08623945658167 2.1608883655995914
152.09999999999565 2.1608883655995914
153.0999999999956 2.1608883655995914
154.09999999999553 2.1608883655995914
155.09999999999548 2.1608883655995914
156.09999999999542 2.1608883655995914
157.00535163055847 2.1608883655995914
158.0999999999953 2.5
159.09999999999525 2.5
160.0999999999952 2.5
161.09999999999513 2.100768534037896
162.09999999999508 1.9422146342325002
163.09999999999502 2.0419601264087075
164.09812670814804 2.5000000000000004
165.0999999999949 2.5000000000000004
166.09999999999485 2.5000000000000004
167.0999999999948 2.3022919447716723
168.09999999999474 2.177779444981685
169.09999999999468 2.177779444981685
170.02020013451116 2.177779444981685
171.0430562095497 2.5000000000000004
172.0999999999945 2.263610049354911
173.09999999999445 2.263610049354911
174.0999999999944 2.263610049354911
175.09375008700465 2.263610049354911
176.09999999999428 2.263610049354911
177.01415140190903 2.263610049354911
178.04901222303462 2.5
179.0999999999941 2.5
180.09999999999405 2.5
181.099999999994 2.212727222891214
182.09999999999394 2.040992669094482
183.09999999999388 2.040992669094482
184.09999999999383 2.4219437789383664
185.09999999999377 2.5
186.0999999999937 2.5
187.0715814664515 2.222576794879893
188.0999999999936 2.222576794879893
189.09999999999354 2.222576794879893
190.09999999999349 2.222576794879893
191.09999999999343 2.5
192.09999999999337 2.5
193.09999999999332 2.5
194.09999999999326 2.229556980163642
195.0999999999932 2.1533004759589813
196.09999999999314 2.1533004759589813
197.0999999999931 2.1533004759589813
198.01179553732263 2.1533004759589813
199.02054212349643 2.1533004759589813
200.06874412645817 2.2635912106870033
201.09999999999286 2.2635912106870033
202.0111055113556 2.2635912106870033
203.09999999999275 2.2635912106870033
204.0999999999927 2.5
205.06293586889325 2.5
206.09999999999258 2.249582516797597
207.09999999999252 2.2058963163436225
208.09999999999246 2.2872814801556713
209.0999999999924 2.5
210.09999999999235 2.3425740529188195
211.02643128192634 2.3425740529188195
212.01888342681715 2.3425740529188195
213.01888342681715 2.3425740529188195
214.09999999999212 2.5
215.09999999999206 2.5
216.099999999992 2.259722305304217
217.09999999999195 2.259722305304217
218.0999999999919 2.259722305304217
219.09999999999184 2.5
220.02158179800995 2.5
221.00268412973355 2.5
222.09999999999167 2.284753050527605
223.0999999999916 2.284753050527605
224.09999999999155 2.284753050527605
225.0999999999915 2.284753050527605
226.09999999999144 2.284753050527605
227.09999999999138 2.1224225572713094
228.09999999999133 2.1224225572713094
229.09999999999127 2.3193916773483547
230.0999999999912 2.3193916773483547
231.09999999999116 2.3193916773483547
232.0999999999911 2.3193916773483547
233.09999999999104 2.5
234.09999999999098 2.269816161606756
235.0541946584704 2.269816161606756
236.08886972258753 2.269816161606756
237.0999999999908 2.390963867194764
238.09999999999076 2.374764908212303
239.0999999999907 2.374764908212303
240.09999999999064 2.374764908212303
241.0999999999906 2.374764908212303
242.09999999999053 2.5
243.09999999999047 2.5
244.09999999999042 2.327806232143586
245.09999999999036 2.327806232143586
246.0999999999903 2.327806232143586
247.09999999999025 2.327806232143586
248.0999999999902 2.327806232143586
249.09999999999013 2.327806232143586
250.09999999999008 2.5
251.09999999999002 2.355874295100133
252.09999999998996 2.3161122047661955
253.0999999999899 2.3161122047661955
254.09999999998985 2.3161122047661955
255.0999999999898 2.3161122047661955
256.09999999998973 2.4508544386350493
257.09999999998996 2.5
258.0999999999902 2.414572531316324
259.0999999999904 2.3524563373611103
260.09999999999064 2.3524563373611103
261.09999999999087 2.467991788641223
262.0999999999911 2.5
263.0999999999913 2.413811334013701
264.09999999999155 2.413811334013701
265.0999999999918 2.413811334013701
266.00547305503966 2.413811334013701
267.02962378360553 2.5
268.09999999999246 2.422409355087444
269.01475339263357 2.422409355087444
270.0999999999929 2.5
271.09999999999314 2.5
272.0999999999934 2.5
273.0999999999936 2.4255156263578885
274.0999999999938 2.4255156263578885
275.09999999999405 2.4255156263578885
276.0999999999943 2.4255156263578885
277.0999999999945 2.4554764285401633
278.09999999999474 2.4515332182550758
279.09999999999496 2.4515332182550758
280.0999999999952 2.4515332182550758
281.0075586969736 2.4515332182550758
282.02373082197965 2.5
283.0999999999959 2.5
284.0999999999961 2.5
285.0999999999963 2.5
286.09999999999656 2.452165109600924
287.0999999999968 2.452165109600924
288.099999999997 2.452165109600924
289.09999999999724 2.452165109600924
290.09999999999746 2.4909289499165856
291.01174643355915 2.5
292.01174643355915 2.481210830904606
293.09999999999815 2.481210830904606
294.0999999999984 2.481210830904606
295.0999999999986 2.481210830904606
296.09999999999883 2.481210830904606
297.09999999999906 2.481210830904606
298.0999999999993 2.5
299.0999999999995 2.5
300.09999999999974 2.5
301.09999999999997 2.5265239393642296
302.00000000000017 2.5265239393642296
303.0000000000004 2.5265239393642296
304.0000000000006 2.5133542256279555
305.00000000000085 2.5
306.0000000000011 2.5
307.0000000000013 2.5
308.00000000000153 2.5400000205579754
309.00000000000176 2.5400000205579754
310.000000000002 2.5400000205579754
311.0000000000022 2.5400000205579754
312.00000000000244 2.5400000205579754
313.0000000000027 2.5400000205579754
314.0000000000029 2.5970515462980335
315.0000000000031 2.590673235892007
316.00000000000335 2.558814232012723
317.0000000000036 2.558814232012723
318.0000000000038 2.558814232012723
319.00000000000404 2.558814232012723
320.00000000000426 2.5687077699940035
321.0000000000045 2.5687077699940035
322.0000000000047 2.5687077699940035
323.00000000000495 2.5687077699940035
324.0000000000052 2.5
325.0000000000054 2.5
326.0000000000056 2.5
327.00000000000585 2.5
328.0000000000061 2.589664907327823
329.0000000000063 2.6387924543834513
330.00000000000654 2.6387924543834513
331.00000000000676 2.6387924543834513
332.000000000007 2.6387924543834513
333.0000000000072 2.576770018792526
334.00000000000745 2.576770018792526
335.0000000000077 2.576770018792526
336.0000000000079 2.5
337.00000000000813 2.586539956978606
338.00000000000836 2.586539956978606
339.0000000000086 2.586539956978606
340.0000000000088 2.586539956978606
341.00000000000904 2.5
342.00000000000927 2.609060347169738
343.0000000000095 2.609060347169738
344.0000000000097 2.609060347169738
345.00000000000995 2.609060347169738
346.0000000000102 2.609060347169738
347.0000000000104 2.5
348.00000000001063 2.6536891690545756
349.00000000001086 2.6536891690545756
350.0000000000111 2.6536891690545756
351.0000000000113 2.6536891690545756
352.00000000001154 2.6536891690545756
353.00000000001177 2.6536891690545756
354.000000000012 2.601415646312677
355.0000000000122 2.5
356.00000000001245 2.5
357.0000000000127 2.7708906157404085
358.0000000000129 2.7708906157404085
359.00000000001313 2.7708906157404085
360.00000000001336 2.7708906157404085
361.0000000000136 2.5
362.0000000000138 2.5
363.00000000001404 2.5
364.00000000001427 2.622314463490615
365.0000000000145 2.759846819722313
366.0000000000147 2.5
367.00000000001495 2.5
368.0000000000152 2.5
369.0000000000154 2.655293889583488
370.00000000001563 2.655293889583488
371.00000000001586 2.655293889583488
372.0000000000161 2.5218244529882017
373.0000000000163 2.5683921530574576
374.00000000001654 2.668474064251002
375.00000000001677 2.668474064251002
376.000000000017 2.668474064251002
377.0000000000172 2.668474064251002
378.00000000001745 2.6638282386558076
379.0000000000177 2.6638282386558076
380.0000000000179 2.6638282386558076
381.00000000001813 2.6638282386558076
382.00000000001836 2.5
383.0000000000186 2.696251998946488
384.0000000000188 2.696251998946488
385.00000000001904 2.696251998946488
386.00000000001927 2.5
387.0000000000195 2.666274951016177
388.0000000000197 2.666274951016177
389.00000000001995 2.5
390.0000000000202 2.5
391.0000000000204 2.5
392.00000000002063 2.5
393.00000000002086 2.750897449932912
394.0000000000211 2.750897449932912
395.0000000000213 2.750897449932912
396.00000000002154 2.6673977934874724
397.00000000002177 2.5
398.000000000022 2.5
399.0000000000222 2.786125690424984
400.00000000002245 2.786125690424984
401.0000000000227 2.786125690424984
402.0000000000229 2.786125690424984
403.00000000002314 2.786125690424984
404.00000000002336 2.786125690424984
405.0000000000236 2.788214884359928
406.0000000000238 2.788214884359928
407.00000000002404 2.788214884359928
408.0000000000243 2.788214884359928
409.0000000000245 2.5
410.0000000000247 2.5
411.00000000002495 2.763734041547043
412.0000000000252 2.5
413.0000000000254 2.5
414.00000000002564 2.5
415.00000000002586 2.5
416.0000000000261 2.740295311167491
417.0000000000263 2.740295311167491
418.00000000002655 2.740295311167491
419.0000000000268 2.5538386249564033
420.000000000027 2.5
421.0000000000272 2.5
422.00000000002746 2.830154506817783
423.0000000000277 2.830154506817783
424.0000000000279 2.830154506817783
425.00000000002814 2.830154506817783
426.00000000002836 2.5
427.0000000000286 2.736986967472485
428.0000000000288 2.736986967472485
429.00000000002905 2.736986967472485
430.0000000000293 2.736986967472485
431.0000000000295 2.736986967472485
432.00000000002973 2.5
433.00000000002996 2.8181456590305882
434.0000000000302 2.8181456590305882
435.0000000000304 2.8181456590305882
436.00000000003064 2.8181456590305882
437.00000000003087 2.6220695674819727
438.0000000000311 2.5
439.0000000000313 2.5989200862058754
440.00000000003155 2.8317354634456735
441.0000000000318 2.8317354634456735
442.000000000032 2.8317354634456735
443.00000000003223 2.8317354634456735
444.00000000003246 2.8317354634456735
445.0000000000327 2.8317354634456735
446.0000000000329 2.5000000000000004
447.00000000003314 2.5000000000000004
448.00000000003337 2.5000000000000004
449.0000000000336 2.9796413662049632
450.0000000000338 2.9796413662049632
451.00000000003405 2.9796413662049632
452.0000000000343 2.9796413662049632
453.0000000000345 2.9796413662049632
454.00000000003473 2.9796413662049632
455.00000000003496 2.9796413662049632
456.0000000000352 2.5000000000000004
457.0000000000354 2.936869417172
458.00000000003564 2.936869417172
459.00000000003587 2.936869417172
460.0000000000361 2.5
461.0000000000363 2.5
462.00000000003655 2.7592313090601555
463.0000000000368 2.7592313090601555
464.000000000037 2.7592313090601555
465.00000000003723 2.5
466.00000000003746 2.5
467.0000000000377 2.5
468.0000000000379 2.800765426297344
469.00000000003814 2.800765426297344
470.00000000003837 2.800765426297344
471.0000000000386 2.800765426297344
472.0000000000388 2.800765426297344
473.00000000003905 2.5
474.0000000000393 2.5
475.0000000000395 2.5
476.00000000003973 2.909531488766058
477.00000000003996 2.909531488766058
478.0000000000402 2.909531488766058
479.0000000000404 2.5178745674812646
480.00000000004064 2.4999999999999996
481.00000000004087 2.4999999999999996
482.0000000000411 2.4999999999999996
483.0000000000413 2.4999999999999996
484.00000000004155 2.9139063430602743
485.0000000000418 2.9139063430602743
486.000000000042 2.7212268250835434
487.00000000004223 2.5
488.00000000004246 2.5
489.0000000000427 2.5
490.0000000000429 2.7997898417700697
491.00000000004314 2.7997898417700697
492.00000000004337 2.7997898417700697
493.0000000000436 2.7997898417700697
494.0000000000438 2.7997898417700697
495.00000000004405 2.5
496.0000000000443 2.7569357819677136
497.0000000000445 2.7569357819677136
498.00000000004474 2.7569357819677136
499.00000000004496 2.665049558499287
500.0000000000452 2.5
501.0000000000454 2.5
502.00000000004565 2.7973304837070936
503.0000000000459 2.7973304837070936
504.0000000000461 2.7973304837070936
505.0000000000463 2.5
506.00000000004655 2.5
507.0000000000468 2.5
508.000000000047 2.7654927397029487
509.00000000004724 2.7654927397029487
510.00000000004746 2.7654927397029487
511.0000000000477 2.7654927397029487
512.0000000000479 2.7654927397029487
513.0000000000481 2.7654927397029487
514.0000000000483 3.0232785240448785
515.0000000000485 2.7489466364348343
516.0000000000488 2.7489466364348343
517.000000000049 2.7489466364348343
518.0000000000492 2.7489466364348343
519.0000000000495 2.982978001472871
520.0000000000497 2.724291784533884
521.0000000000499 2.724291784533884
522.0000000000501 2.724291784533884
523.0000000000504 2.8899524507855854
524.0000000000506 2.8899524507855854
525.0000000000508 2.657594668732135
526.000000000051 2.657594668732135
527.0000000000513 2.657594668732135
528.0000000000515 2.500000000000001
529.0000000000517 2.500000000000001
530.000000000052 2.500000000000001
531.0000000000522 2.8093268975955774
532.0000000000524 2.8093268975955774
533.0000000000526 2.8093268975955774
534.0000000000529 2.8093268975955774
535.0000000000531 2.7330544483360866
536.0000000000533 2.5
537.0000000000535 2.5
538.0000000000538 2.5
539.000000000054 2.7797349349907625
540.0000000000542 2.7797349349907625
541.0000000000545 2.5723483883955085
542.0000000000547 2.5
543.0000000000549 2.5
544.0000000000551 2.6714864512284313
545.0000000000554 2.6714864512284313
546.0000000000556 2.6714864512284313
547.0000000000558 2.6714864512284313
548.000000000056 2.5
549.0000000000563 2.5
550.0000000000565 2.6814688956975514
551.0000000000567 2.6814688956975514
552.000000000057 2.6814688956975514
553.0000000000572 2.6814688956975514
554.0000000000574 2.5
555.0000000000576 2.6358963756155527
556.0000000000579 2.6358963756155527
557.0000000000581 2.6358963756155527
558.0000000000583 2.6358963756155527
559.0000000000585 2.499999999999999
560.0000000000588 2.499999999999999
561.000000000059 2.499999999999999
562.0000000000592 2.499999999999999
563.0000000000595 2.6930212681012113
564.0000000000597 2.6930212681012113
565.0000000000599 2.6930212681012113
566.0000000000601 2.5435046934500183
567.0000000000604 2.5899466505027546
568.0000000000606 2.5899466505027546
569.0000000000608 2.5899466505027546
570.000000000061 2.5899466505027546
571.0000000000613 2.5899466505027546
572.0000000000615 2.5
573.0000000000617 2.5
574.000000000062 2.627505903378309
575.0000000000622 2.627505903378309
576.0000000000624 2.627505903378309
577.0000000000626 2.5863521024791067
578.0000000000629 2.499999999999999
579.0000000000631 2.5851931806625403
580.0000000000633 2.5851931806625403
581.0000000000636 2.5851931806625403
582.0000000000638 2.5851931806625403
583.000000000064 2.5
584.0000000000642 2.568705874888823
585.0000000000645 2.568705874888823
586.0000000000647 2.500000000000001
587.0000000000649 2.500000000000001
588.0000000000651 2.500000000000001
589.0000000000654 2.5463906960464144
590.0000000000656 2.5463906960464144
591.0000000000658 2.5463906960464144
592.000000000066 2.499999999999999
593.0000000000663 2.499999999999999
594.0000000000665 2.499999999999999
595.0000000000667 2.548703822183732
596.000000000067 2.548703822183732
597.0000000000672 2.51349324817435
598.0000000000674 2.499999999999999
599.0000000000676 2.499999999999999
600.0000000000679 2.499999999999999
601.0000000000681 2.499999999999999
602.0000000000683 2.533516433364586
603.0000000000686 2.533516433364586
604.0000000000688 2.533516433364586
605.000000000069 2.533516433364586
606.0000000000692 2.5
607.0000000000695 2.503899934524689
608.0000000000697 2.503899934524689
609.0000000000699 2.503899934524689
610.0000000000701 2.503899934524689
611.0000000000704 2.503899934524689
612.0000000000706 2.5
613.0000000000708 2.4895658880677844
614.000000000071 2.4895658880677844
615.0000000000713 2.4895658880677844
616.0000000000715 2.500000000000001
617.0000000000717 2.500000000000001
618.000000000072 2.500000000000001
619.0000000000722 2.500000000000001
620.0000000000724 2.500000000000001
621.0000000000726 2.4638246944166946
622.0000000000729 2.4638001845168995
623.0000000000731 2.4701357378119515
624.0000000000733 2.5
625.0000000000736 2.5
626.0000000000738 2.451941675024811
627.000000000074 2.451941675024811
628.0000000000742 2.451941675024811
629.0000000000745 2.451941675024811
630.0000000000747 2.451941675024811
631.0000000000749 2.451941675024811
632.0000000000751 2.451941675024811
633.0000000000754 2.500000000000001
634.0000000000756 2.4088475298855707
635.0000000000758 2.405139970331947
636.000000000076 2.405139970331947
637.0000000000763 2.405139970331947
638.0000000000765 2.405139970331947
639.0000000000767 2.425062925791441
640.000000000077 2.425062925791441
641.0000000000772 2.425062925791441
642.0000000000774 2.425062925791441
643.0000000000776 2.425062925791441
644.0000000000779 2.5
645.0000000000781 2.5
646.0000000000783 2.366954303172851
647.0000000000786 2.366954303172851
648.0000000000788 2.366954303172851
649.000000000079 2.366954303172851
650.0000000000792 2.4060946065494115
651.0000000000795 2.4060946065494115
652.0000000000797 2.4060946065494115
653.0000000000799 2.500000000000001
654.0000000000801 2.500000000000001
655.0000000000804 2.367944980312859
656.0000000000806 2.367944980312859
657.0000000000808 2.4601087785748663
658.0000000000811 2.499999999999999
659.0000000000813 2.499999999999999
660.0000000000815 2.3782884851792763
661.0000000000817 2.3782884851792763
662.000000000082 2.3782884851792763
663.0000000000822 2.3782884851792763
664.0000000000824 2.2684549425830047
665.0000000000827 2.2684549425830047
666.0000000000829 2.37423966987322
667.0000000000831 2.37423966987322
668.0000000000833 2.37423966987322
669.0000000000836 2.37423966987322
670.0000000000838 2.37423966987322
671.000000000084 2.317006274936726
672.0000000000842 2.162217060153732
673.0000000000845 2.162217060153732
674.0000000000847 2.260340778853761
675.0000000000849 2.260340778853761
676.0000000000852 2.260340778853761
677.0000000000854 2.304029694845869
678.0000000000856 2.2972893213719874
679.0000000000858 2.2972893213719874
680.0000000000861 2.2972893213719874
681.0000000000863 2.4275123365740523
682.0000000000865 2.3472541849328685
683.0000000000867 2.3472541849328685
684.000000000087 2.499999999999999
685.0000000000872 2.499999999999999
686.0000000000874 2.499999999999999
687.0000000000877 2.499999999999999
688.0000000000879 2.423555472405841
689.0000000000881 2.2263800887990737
690.0000000000883 2.2263800887990737
691.0000000000886 2.500000000000001
692.0000000000888 2.500000000000001
693.000000000089 2.500000000000001
694.0000000000892 2.500000000000001
695.0000000000895 2.500000000000001
696.0000000000897 2.500000000000001
697.0000000000899 2.500000000000001
698.0000000000902 2.106444411217858
699.0000000000904 2.1045280180175547
700.0000000000906 2.1045280180175547
701.0000000000908 2.1045280180175547
702.0000000000911 2.5
703.0000000000913 2.296390964838658
704.0000000000915 2.296390964838658
705.0000000000917 2.296390964838658
706.000000000092 2.296390964838658
707.0000000000922 2.5
708.0000000000924 2.2491198301165665
709.0000000000927 2.2491198301165665
710.0000000000929 2.2491198301165665
711.0000000000931 2.2491198301165665
712.0000000000933 2.2491198301165665
713.0000000000936 2.423635150122216
714.0000000000938 2.40868201965737
715.000000000094 2.197791598515274
716.0000000000942 2.197791598515274
717.0000000000945 2.197791598515274
718.0000000000947 2.197791598515274
719.0000000000949 2.2872915341611133
720.0000000000952 2.5
721.0000000000954 2.2014360998059472
722.0000000000956 2.2014360998059472
723.0000000000958 2.2014360998059472
724.0000000000961 2.2014360998059472
725.0000000000963 2.5
726.0000000000965 2.5
727.0000000000967 2.1944238451885534
728.000000000097 2.1944238451885534
729.0000000000972 2.1944238451885534
730.0000000000974 2.1944238451885534
731.0000000000977 2.289482903133328
732.0000000000979 2.220312907957327
733.0000000000981 2.220312907957327
734.0000000000983 2.220312907957327
735.0000000000986 2.220312907957327
736.0000000000988 2.5000000000000004
737.000000000099 2.2737541707109012
738.0000000000992 2.2737541707109012
739.0000000000995 2.2737541707109012
740.0000000000997 2.2737541707109012
741.0000000000999 2.2737541707109012
742.0000000001002 2.5
743.0000000001004 2.5
744.0000000001006 2.5
745.0000000001008 2.076310127185625
746.0000000001011 2.076310127185625
747.0000000001013 2.076310127185625
748.0000000001015 2.5
749.0000000001017 2.5
750.000000000102 2.22839146736875
751.0000000001022 2.22839146736875
752.0000000001024 2.22839146736875
753.0000000001027 2.22839146736875
754.0000000001029 2.4999999999999996
755.0000000001031 2.2477285003469514
756.0000000001033 2.2477285003469514
757.0000000001036 2.2477285003469514
758.0000000001038 2.2477285003469514
759.000000000104 2.5
760.0000000001043 2.5
761.0000000001045 2.4003223460573913
762.0000000001047 2.1504597179615774
763.0000000001049 2.1504597179615774
764.0000000001052 2.1504597179615774
765.0000000001054 2.1504597179615774
766.0000000001056 2.5
767.0000000001058 2.2111081506657086
768.0000000001061 2.2111081506657086
769.0000000001063 2.2111081506657086
770.0000000001065 2.2111081506657086
771.0000000001068 2.2111081506657086
772.000000000107 2.2111081506657086
773.0000000001072 2.5
774.0000000001074 2.162823280230949
775.0000000001077 2.162823280230949
776.0000000001079 2.162823280230949
777.0000000001081 2.5
778.0000000001083 2.5
779.0000000001086 2.307920732728402
780.0000000001088 2.2161838233813653
781.000000000109 2.2161838233813653
782.0000000001093 2.2161838233813653
783.0000000001095 2.4053534931042715
784.0000000001097 2.296526648830589
785.0000000001099 2.296526648830589
786.0000000001102 2.296526648830589
787.0000000001104 2.296526648830589
788.0000000001106 2.2721891045336076
789.0000000001108 2.2721891045336076
790.0000000001111 2.2721891045336076
791.0000000001113 2.2721891045336076
792.0000000001115 2.5
793.0000000001118 2.5
794.000000000112 2.5
795.0000000001122 2.1709595156644954
796.0000000001124 2.1709595156644954
797.0000000001127 2.1709595156644954
798.0000000001129 2.1709595156644954
799.0000000001131 2.1709595156644954
800.0000000001133 2.3258263439556104
801.0000000001136 2.263629594698135
802.0000000001138 2.263629594698135
803.000000000114 2.263629594698135
804.0000000001143 2.263629594698135
805.0000000001145 2.263629594698135
806.0000000001147 2.1857278038104404
807.0000000001149 2.2397563279590047
808.0000000001152 2.2397563279590047
809.0000000001154 2.5
810.0000000001156 2.3341899368036523
811.0000000001158 2.3341899368036523
812.0000000001161 2.3341899368036523
813.0000000001163 2.3341899368036523
814.0000000001165 2.3341899368036523
815.0000000001168 2.414318689971737
816.000000000117 2.5
817.0000000001172 2.5
818.0000000001174 2.5
819.0000000001177 2.1625094400586797
820.0000000001179 2.1625094400586797
821.0000000001181 2.1625094400586797
822.0000000001183 2.1625094400586797
823.0000000001186 2.1625094400586797
824.0000000001188 2.1625094400586797
825.000000000119 2.5
826.0000000001193 2.5
827.0000000001195 2.5
828.0000000001197 2.292853907253868
829.0000000001199 2.1744381390659417
830.0000000001202 2.1744381390659417
831.0000000001204 2.4376167889689495
832.0000000001206 2.5
833.0000000001208 2.5
834.0000000001211 2.3719469370230666
835.0000000001213 2.3014050361718574
836.0000000001215 2.3014050361718574
837.0000000001218 2.3014050361718574
838.000000000122 2.5
839.0000000001222 2.3655091722298245
840.0000000001224 2.3655091722298245
841.0000000001227 2.3655091722298245
842.0000000001229 2.4230848799231794
843.0000000001231 2.5
844.0000000001234 2.3895610608176665
845.0000000001236 2.338349657050175
846.0000000001238 2.338349657050175
847.000000000124 2.5
848.0000000001243 2.5
849.0000000001245 2.399314528537066
850.0000000001247 2.37092566745082
851.0000000001249 2.37092566745082
852.0000000001252 2.37092566745082
853.0000000001254 2.5
854.0000000001256 2.3893630968453317
855.0000000001259 2.3893630968453317
856.0000000001261 2.3893630968453317
857.0000000001263 2.3893630968453317
858.0000000001265 2.3893630968453317
859.0000000001268 2.5
860.000000000127 2.5
861.0000000001272 2.5
862.0000000001274 2.3550034357222818
863.0000000001277 2.3550034357222818
864.0000000001279 2.3550034357222818
865.0000000001281 2.3550034357222818
866.0000000001284 2.3550034357222818
867.0000000001286 2.5
868.0000000001288 2.5
869.000000000129 2.5
870.0000000001293 2.3810289978663053
871.0000000001295 2.3810289978663053
872.0000000001297 2.4569049571753556
873.00000000013 2.5
874.0000000001302 2.4498743224162065
875.0000000001304 2.4498743224162065
876.0000000001306 2.4498743224162065
877.0000000001309 2.5
878.0000000001311 2.5
879.0000000001313 2.4427477458536884
880.0000000001315 2.4427477458536884
881.0000000001318 2.4427477458536884
882.000000000132 2.4427477458536884
883.0000000001322 2.4427477458536884
884.0000000001324 2.4427477458536884
885.0000000001327 2.4427477458536884
886.0000000001329 2.5
887.0000000001331 2.4585910842959726
888.0000000001334 2.4585910842959726
889.0000000001336 2.4585910842959726
890.0000000001338 2.4585910842959726
891.000000000134 2.4585910842959726
892.0000000001343 2.4585910842959726
893.0000000001345 2.5
894.0000000001347 2.5
895.000000000135 2.5
896.0000000001352 2.5000736489178204
897.0000000001354 2.5000736489178204
898.0000000001356 2.5000736489178204
899.0000000001359 2.5000736489178204
900.0000000001361 2.5000736489178204
901.0000000001363 2.5
902.0000000001365 2.515418333955329
903.0000000001368 2.515418333955329
904.000000000137 2.5010091234780325
905.0000000001372 2.5
906.0000000001374 2.5
907.0000000001377 2.5
908.0000000001379 2.5
909.0000000001381 2.5415880390706325
910.0000000001384 2.5415880390706325
911.0000000001386 2.5415880390706325
912.0000000001388 2.5415880390706325
913.000000000139 2.5
914.0000000001393 2.5
915.0000000001395 2.558548729496889
916.0000000001397 2.558548729496889
917.00000000014 2.558548729496889
918.0000000001402 2.558548729496889
919.0000000001404 2.5
920.0000000001406 2.5
921.0000000001409 2.5
922.0000000001411 2.5
923.0000000001413 2.5462749078852895
924.0000000001415 2.6205976941785374
925.0000000001418 2.6205976941785374
926.000000000142 2.587077418355169
927.0000000001422 2.5
928.0000000001424 2.5
929.0000000001427 2.5
930.0000000001429 2.5
931.0000000001431 2.5
932.0000000001434 2.659711591948031
933.0000000001436 2.659711591948031
934.0000000001438 2.659711591948031
935.000000000144 2.659711591948031
936.0000000001443 2.6181922044320376
937.0000000001445 2.5
938.0000000001447 2.5
939.000000000145 2.5
940.0000000001452 2.6692630375361532
941.0000000001454 2.6692630375361532
942.0000000001456 2.6692630375361532
943.0000000001459 2.6692630375361532
944.0000000001461 2.596002350167294
945.0000000001463 2.596002350167294
946.0000000001465 2.596002350167294
947.0000000001468 2.5
948.000000000147 2.5
949.0000000001472 2.6298303296851784
950.0000000001475 2.6298303296851784
951.0000000001477 2.5284482692326975
952.0000000001479 2.5
953.0000000001481 2.61843836409495
954.0000000001484 2.61843836409495
955.0000000001486 2.61843836409495
956.0000000001488 2.61843836409495
957.000000000149 2.5
958.0000000001493 2.6507671766235106
959.0000000001495 2.6507671766235106
960.0000000001497 2.6507671766235106
961.00000000015 2.6507671766235106
962.0000000001502 2.6507671766235106
963.0000000001504 2.6507671766235106
964.0000000001506 2.6507671766235106
965.0000000001509 2.6507671766235106
966.0000000001511 2.5
967.0000000001513 2.5
968.0000000001515 2.5
969.0000000001518 2.5
970.000000000152 2.5
971.0000000001522 2.9634143308123027
972.0000000001525 2.9634143308123027
973.0000000001527 2.8893165315890017
974.0000000001529 2.5
975.0000000001531 2.5
976.0000000001534 2.5
977.0000000001536 2.5
978.0000000001538 2.7715887382477997
979.000000000154 2.7715887382477997
980.0000000001543 2.7715887382477997
981.0000000001545 2.550215095735999
982.0000000001547 2.5748496611886798
983.000000000155 2.685908772948218
984.0000000001552 2.685908772948218
985.0000000001554 2.685908772948218
986.0000000001556 2.685908772948218
987.0000000001559 2.685908772948218
988.0000000001561 2.685908772948218
989.0000000001563 2.685908772948218
990.0000000001565 2.685908772948218
991.0000000001568 2.685908772948218
992.000000000157 2.5
993.0000000001572 2.5
994.0000000001575 2.5
995.0000000001577 3.000182534764251
996.0000000001579 3.0455585346436567
997.0000000001581 3.0455585346436567
998.0000000001584 3.0455585346436567
999.0000000001586 3.0455585346436567
1000.0000000001588 3.0455585346436567
1001.000000000159 3.0455585346436567
1002.0000000001593 3.1373701869749335
1003.0000000001595 3.410467648082995
1004.0000000001597 3.410467648082995
1005.00000000016 2.8449794355288285
1006.0000000001602 2.8449794355288285
1007.0000000001604 2.8449794355288285
1008.0000000001606 2.770353628271579
1009.0000000001609 2.7754397088680762
1010.0000000001611 2.7754397088680762
1011.0000000001613 2.7754397088680762
1012.0000000001615 2.7754397088680762
1013.0000000001618 2.7754397088680762
1014.000000000162 2.9416933238386846
1015.0000000001622 2.753847714660924
1016.0000000001625 2.753847714660924
1017.0000000001627 2.753847714660924
1018.0000000001629 2.5688112383194603
1019.0000000001631 2.5
1020.0000000001634 2.8201258336046653
1021.0000000001636 2.8201258336046653
1022.0000000001638 2.8201258336046653
1023.000000000164 2.8201258336046653
1024.0000000001642 2.7251436590128972
1025.0000000001633 2.5
1026.0000000001623 2.5
1027.0000000001614 2.5
1028.0000000001605 2.5
1029.0000000001596 2.944899046578884
1030.0000000001587 2.944899046578884
1031.0000000001578 2.5
1032.000000000157 2.5
1033.000000000156 2.5
1034.000000000155 2.5
1035.0000000001542 2.794952841145484
1036.0000000001532 2.834900839462469
1037.0000000001523 2.834900839462469
1038.0000000001514 2.834900839462469
1039.0000000001505 2.834900839462469
1040.0000000001496 2.834900839462469
1041.0000000001487 2.7851140656566797
1042.0000000001478 2.7851140656566797
1043.0000000001469 2.7851140656566797
1044.000000000146 2.7851140656566797
1045.000000000145 2.5
1046.0000000001442 2.7631652598747656
1047.0000000001432 2.7631652598747656
1048.0000000001423 2.7631652598747656
1049.0000000001414 2.7631652598747656
1050.0000000001405 2.4999999999999996
1051.0000000001396 2.74826271660037
1052.0000000001387 2.74826271660037
1053.0000000001378 2.5000000000000004
1054.0000000001369 2.5000000000000004
1055.000000000136 2.5000000000000004
1056.000000000135 2.5000000000000004
1057.0000000001342 2.5000000000000004
1058.0000000001332 2.5000000000000004
1059.0000000001323 2.9433600916727762
1060.0000000001314 2.9433600916727762
1061.0000000001305 2.9433600916727762
1062.0000000001296 2.9433600916727762
1063.0000000001287 2.5000000000000004
1064.0000000001278 2.760197446932542
1065.0000000001269 2.760197446932542
1066.000000000126 2.760197446932542
1067.000000000125 2.760197446932542
1068.0000000001241 2.760197446932542
1069.0000000001232 2.5
1070.0000000001223 2.598541101530692
1071.0000000001214 2.8316558539891967
1072.0000000001205 2.8316558539891967
1073.0000000001196 2.8316558539891967
1074.0000000001187 2.8316558539891967
1075.0000000001178 2.5000000000000004
1076.0000000001169 2.5000000000000004
1077.000000000116 2.6945078573098518
1078.000000000115 2.8506981188951355
1079.0000000001141 2.8506981188951355
1080.0000000001132 2.8506981188951355
1081.0000000001123 2.8506981188951355
1082.0000000001114 2.5
1083.0000000001105 2.5
1084.0000000001096 2.8160318077880397
1085.0000000001087 2.8160318077880397
1086.0000000001078 2.8160318077880397
1087.0000000001069 2.8160318077880397
1088.000000000106 3.0165595845706115
1089.000000000105 3.0165595845706115
1090.0000000001041 2.6982017472483646
1091.0000000001032 2.6982017472483646
1092.0000000001023 2.6982017472483646
1093.0000000001014 2.6982017472483646
1094.0000000001005 2.5
1095.0000000000996 2.5
1096.0000000000987 2.9044608664064535
1097.0000000000978 2.9044608664064535
1098.0000000000969 2.9044608664064535
1099.000000000096 2.5
1100.000000000095 2.5
1101.0000000000941 2.7217808596551345
1102.0000000000932 2.7217808596551345
1103.0000000000923 2.7217808596551345
1104.0000000000914 2.7217808596551345
1105.0000000000905 2.7217808596551345
1106.0000000000896 2.543840583192869
1107.0000000000887 2.5
1108.0000000000878 2.5
1109.0000000000869 2.757338251454822
1110.000000000086 2.8780715715372027
1111.000000000085 2.8780715715372027
1112.0000000000841 2.8780715715372027
1113.0000000000832 2.6168426092896424
1114.0000000000823 2.6864346547766416
1115.0000000000814 2.6864346547766416
1116.0000000000805 2.6864346547766416
1117.0000000000796 2.6864346547766416
1118.0000000000787 2.6864346547766416
1119.0000000000778 2.6864346547766416
1120.0000000000769 2.6864346547766416
1121.000000000076 3.0010369523226093
1122.000000000075 3.0010369523226093
1123.0000000000741 2.8044974341767293
1124.0000000000732 2.8044974341767293
1125.0000000000723 2.8044974341767293
1126.0000000000714 2.5
1127.0000000000705 2.7404996880893915
1128.0000000000696 2.7404996880893915
1129.0000000000687 2.7404996880893915
1130.0000000000678 2.5
1131.0000000000668 2.5
1132.000000000066 2.6393679493911577
1133.000000000065 2.6965525943105924
1134.0000000000641 2.6965525943105924
1135.0000000000632 2.6965525943105924
1136.0000000000623 2.6965525943105924
1137.0000000000614 2.5
1138.0000000000605 2.5642758433951736
1139.0000000000596 2.712578935251894
1140.0000000000587 2.712578935251894
1141.0000000000578 2.712578935251894
1142.0000000000568 2.512006617963924
1143.000000000056 2.5
1144.000000000055 2.666183261990707
1145.0000000000541 2.666183261990707
1146.0000000000532 2.666183261990707
1147.0000000000523 2.666183261990707
1148.0000000000514 2.666183261990707
1149.0000000000505 2.847505986903844
1150.0000000000496 2.847505986903844
1151.0000000000487 2.847505986903844
1152.0000000000477 2.847505986903844
1153.0000000000468 2.847505986903844
1154.000000000046 2.847505986903844
1155.000000000045 2.847505986903844
1156.000000000044 2.664001984006603
1157.0000000000432 2.664001984006603
1158.0000000000423 2.9398966119721144
1159.0000000000414 2.9398966119721144
1160.0000000000405 2.9398966119721144
1161.0000000000396 2.9398966119721144
1162.0000000000387 2.74550727821815
1163.0000000000377 2.74550727821815
1164.0000000000368 2.74550727821815
1165.000000000036 2.6307703986944473
1166.000000000035 2.697160265607429
1167.000000000034 2.697160265607429
1168.0000000000332 2.697160265607429
1169.0000000000323 2.697160265607429
1170.0000000000314 2.697160265607429
1171.0000000000305 2.59782946282126
1172.0000000000296 2.500000000000001
1173.0000000000286 2.500000000000001
1174.0000000000277 2.665488527496986
1175.0000000000268 2.665488527496986
1176.000000000026 2.665488527496986
1177.000000000025 2.665488527496986
1178.000000000024 2.5427187235529862
1179.0000000000232 2.5748168658128447
1180.0000000000223 2.5748168658128447
1181.0000000000214 2.5748168658128447
1182.0000000000205 2.5748168658128447
1183.0000000000196 2.5748168658128447
1184.0000000000186 2.500000000000001
1185.0000000000177 2.500000000000001
1186.0000000000168 2.598648746483215
1187.000000000016 2.598648746483215
1188.000000000015 2.598648746483215
1189.000000000014 2.598648746483215
1190.0000000000132 2.598648746483215
1191.0000000000123 2.684301844197597
1192.0000000000114 2.684301844197597
1193.0000000000105 2.684301844197597
1194.0000000000095 2.548564946725078
1195.0000000000086 2.548564946725078
1196.0000000000077 2.5318855062635977
1197.0000000000068 2.5318855062635977
1198.000000000006 2.5318855062635977
1199.000000000005 2.5318855062635977
1200.000000000004 2.565984396563802
1201.0000000000032 2.565984396563802
1202.0000000000023 2.5134584006559915
1203.0000000000014 2.5134584006559915
1204.0000000000005 2.5134584006559915
1205.0999999999995 2.5134584006559915
1206.0999999999985 2.504803943464482
1207.0999999999976 2.500000000000001
1208.0999999999967 2.5181458375174093
1209.0999999999958 2.5181458375174093
1210.099999999995 2.5181458375174093
1211.099999999994 2.5181458375174093
1212.016282809909 2.5181458375174093
1213.0999999999922 2.4864450983775077
1214.0999999999913 2.4864450983775077
1215.0999999999904 2.4929602010174445
1216.0999999999894 2.5
1217.0999999999885 2.477019577537211
1218.0999999999876 2.4752200571696994
1219.0999999999867 2.4752200571696994
1220.0073625471755 2.4752200571696994
1221.026192863804 2.4752200571696994
1222.099999999984 2.459694153953288
1223.099999999983 2.459694153953288
1224.0999999999822 2.461640902058428
1225.0999999999813 2.461640902058428
1226.0999999999804 2.461640902058428
1227.0999999999794 2.461640902058428
1228.0999999999785 2.461640902058428
1229.0726241896464 2.461640902058428
1230.096824935897 2.5
1231.0999999999758 2.5
1232.0372227069088 2.5
1233.099999999974 2.5
1234.099999999973 2.5
1235.0999999999722 2.5
1236.0999999999713 2.3890917383326125
1237.0999999999704 2.3889224692332958
1238.0999999999694 2.410693990654473
1239.0427924801734 2.500000000000001
1240.065248342482 2.433609360678648
1241.0999999999667 2.433609360678648
1242.0999999999658 2.433609360678648
1243.099999999965 2.433609360678648
1244.099999999964 2.5
1245.099999999963 2.5
1246.083107451081 2.5
1247.0999999999613 2.3643575527008136
1248.0999999999603 2.3643575527008136
1249.0951173451936 2.3643575527008136
1250.0999999999585 2.3643575527008136
1251.0999999999576 2.3643575527008136
1252.0999999999567 2.500000000000001
1253.0999999999558 2.3466117171090937
1254.099999999955 2.3466117171090937
1255.099999999954 2.3466117171090937
1256.0010790234692 2.3466117171090937
1257.0010790234692 2.3466117171090937
1258.0999999999513 2.3555500423772973
1259.0999999999503 2.3759447098019653
1260.0999999999494 2.3759447098019653
1261.0999999999485 2.3759447098019653
1262.0999999999476 2.3759447098019653
1263.0080749648816 2.3759447098019653
1264.0080749648816 2.3759447098019653
1265.0999999999449 2.1981577821324763
1266.099999999944 2.1981577821324763
1267.099999999943 2.2912989668282853
1268.0999999999422 2.2912989668282853
1269.0458801539457 2.2912989668282853
1270.0999999999403 2.5
1271.0999999999394 2.374336429661302
1272.0999999999385 2.301438809503194
1273.0999999999376 2.301438809503194
1274.0999999999367 2.301438809503194
1275.0999999999358 2.301438809503194
1276.0999999999349 2.5
1277.099999999934 2.5
1278.099999999933 2.5
1279.0334672421939 2.5
1280.0999999999312 2.5
1281.0999999999303 2.5
1282.0999999999294 2.5
1283.0999999999285 2.3597652839501313
1284.0123543293112 2.0938702239007414
1285.0123543293112 2.0938702239007414
1286.0999999999258 2.342382982227409
1287.0999999999249 2.352596083985957
1288.099999999924 2.352596083985957
1289.099999999923 2.352596083985957
1290.0999999999221 2.500000000000001
1291.0999999999212 2.500000000000001
1292.0999999999203 2.308313382468233
1293.0999999999194 2.308313382468233
1294.0999999999185 2.308313382468233
1295.0999999999176 2.308313382468233
1296.0999999999167 2.308313382468233
1297.0999999999158 2.308313382468233
1298.0999999999149 2.5
1299.099999999914 2.5
1300.099999999913 2.5
1301.0708773073886 2.5
1302.0872933463422 2.085830827668589
1303.041495966297 2.085830827668589
1304.0467432694438 2.085830827668589
1305.0999999999085 2.5
1306.0999999999076 2.5
1307.0999999999067 2.5
1308.0999999999058 2.214604068436743
1309.0999999999049 2.214604068436743
1310.099999999904 2.214604068436743
1311.099999999903 2.3349683476408676
1312.0999999999021 2.3349683476408676
1313.0999999999012 2.3349683476408676
1314.0999999999003 2.3349683476408676
1315.0568940212272 2.3349683476408676
1316.0568940212272 2.5
1317.0454793847339 2.5
1318.0999999998967 2.1971652794094614
1319.0999999998958 2.1971652794094614
1320.0999999998949 2.1971652794094614
1321.099999999894 2.1971652794094614
1322.099999999893 2.1971652794094614
1323.0999999998921 2.0119124970422604
1324.0999999998912 1.9148501765776154
1325.0999999998903 2.2108614379859746
1326.0999999998894 2.2108614379859746
1327.0999999998885 2.2108614379859746
1328.0999999998876 2.2108614379859746
1329.0999999998867 2.3048420569012755
1330.0999999998858 2.1856590115637893
1331.0999999998849 2.1856590115637893
1332.0289828277143 2.1856590115637893
1333.0395232468206 2.474815316899891
1334.0999999998821 2.5
1335.0999999998812 2.5
1336.0999999998803 2.3036035047342596
1337.0999999998794 2.1526644493543365
1338.0999999998785 2.1526644493543365
1339.016527864763 2.1526644493543365
1340.016527864763 2.1526644493543365
1341.0999999998758 1.9551553486531361
1342.0999999998749 1.8928814457942835
1343.099999999874 2.2389680463186252
1344.099999999873 2.2389680463186252
1345.0999999998721 2.2389680463186252
1346.0999999998712 2.2389680463186252
1347.0999999998703 2.217030646368812
1348.03727343171 2.217030646368812
1349.0638063958602 2.217030646368812
1350.0999999998676 2.5
1351.0999999998667 2.5
1352.0999999998658 2.5
1353.0999999998648 2.5
1354.099999999864 2.1148365619615617
1355.099999999863 2.1148365619615617
1356.0999999998621 2.1148365619615617
1357.0999999998612 2.1148365619615617
1358.0999999998603 2.1148365619615617
1359.0999999998594 2.1148365619615617
1360.0999999998585 2.1148365619615617
1361.0999999998576 2.5000000000000004
1362.0238449913825 2.5000000000000004
1363.0595158259675 2.0677789174803607
1364.0999999998548 2.0677789174803607
1365.099999999854 2.0677789174803607
1366.099999999853 2.0677789174803607
1367.0999999998521 2.4999999999999996
1368.0999999998512 2.4999999999999996
1369.0999999998503 2.157643074758287
1370.0999999998494 2.157643074758287
1371.0999999998485 2.157643074758287
1372.0999999998476 2.157643074758287
1373.0999999998467 2.157643074758287
1374.0999999998457 2.5
1375.0999999998448 2.2102361190745676
1376.099999999844 2.2102361190745676
1377.011326472905 2.2102361190745676
1378.011326472905 2.5
1379.0999999998412 2.2913403907328194
1380.0999999998403 2.2913403907328194
1381.0999999998394 2.2913403907328194
1382.0999999998385 2.2913403907328194
1383.0999999998376 2.5
1384.0999999998367 2.3114947523084517
1385.0999999998357 2.2365830684484975
1386.0004805278768 2.2365830684484975
1387.0184692016485 2.2365830684484975
1388.099999999833 2.5
1389.0023719211508 2.5
1390.0303430437284 2.5
1391.0999999998303 2.5
1392.0999999998294 2.153667638276445
1393.0999999998285 2.153667638276445
1394.0418830962856 2.426048143543717
1395.0418830962856 2.5
1396.0999999998257 2.322119342796523
1397.0999999998248 2.2782900728067803
1398.03285531566 2.2782900728067803
1399.03285531566 2.3663266829198517
1400.099999999822 2.5
1401.0999999998212 2.2818674723551937
1402.0558318338233 2.2818674723551937
1403.0558318338233 2.2818674723551937
1404.0999999998185 2.2818674723551937
1405.0999999998176 2.2818674723551937
1406.0999999998166 2.2818674723551937
1407.0999999998157 2.5
1408.0999999998148 2.210157988563804
1409.099999999814 2.210157988563804
1410.099999999813 2.210157988563804
1411.099999999812 2.210157988563804
1412.0999999998112 2.3721134960547894
1413.0999999998103 2.298750541691638
1414.0999999998094 2.298750541691638
1415.0999999998085 2.298750541691638
1416.0999999998076 2.5
1417.0999999998066 2.5
1418.0999999998057 2.5
1419.0999999998048 2.2531334090801702
1420.099999999804 2.2531334090801702
1421.099999999803 2.2531334090801702
1422.099999999802 2.2531334090801702
1423.070232106959 2.1240689976023672
1424.0802620505403 2.3451697043852016
1425.0999999997994 2.3451697043852016
1426.0999999997985 2.3451697043852016
1427.0999999997975 2.3451697043852016
1428.0999999997966 2.5
1429.0999999997957 2.30095310199954
1430.0999999997948 2.30095310199954
1431.099999999794 2.30095310199954
1432.024102772078 2.30095310199954
1433.0725203590926 2.5
1434.0999999997912 2.5
1435.0999999997903 2.5
1436.0999999997894 2.5
1437.0999999997885 2.5
1438.0999999997875 2.5
1439.0999999997866 2.2113886990076996
1440.0291053055869 2.2113886990076996
1441.045154919293 2.2113886990076996
1442.099999999784 2.317863433463961
1443.0399827347264 2.5
1444.0399827347264 2.5
1445.0269351810025 2.3322896328721643
1446.0367586891227 2.3322896328721643
1447.0999999997794 2.5
1448.0999999997784 2.5
1449.0999999997775 2.5
1450.0999999997766 2.359860233952618
1451.0999999997757 2.359860233952618
1452.0999999997748 2.359860233952618
1453.099999999774 2.359860233952618
1454.015699294509 2.359860233952618
1455.015699294509 2.5
1456.0999999997712 2.5
1457.0999999997703 2.5
1458.0862209056183 2.5
1459.0999999997684 2.327273580652484
1460.0999999997675 2.327273580652484
1461.0999999997666 2.327273580652484
1462.0999999997657 2.359943261656654
1463.0999999997648 2.5
1464.099999999764 2.406227314524474
1465.099999999763 2.406227314524474
1466.099999999762 2.5
1467.0999999997612 2.5
1468.018188319775 2.5
1469.0999999997593 2.420411817249736
1470.0999999997584 2.420411817249736
1471.0999999997575 2.420411817249736
1472.031025661882 2.420411817249736
1473.0377176077013 2.5
1474.0999999997548 2.5
1475.099999999754 2.5
1476.099999999753 2.4499193731882745
1477.099999999752 2.414621545515223
1478.0999999997512 2.414621545515223
1479.0999999997503 2.414621545515223
1480.0999999997493 2.414621545515223
1481.017704320304 2.414621545515223
1482.0946333265142 2.5
1483.0999999997466 2.465130643633922
1484.0476532250332 2.4482302708050008
1485.0476532250332 2.4482302708050008
1486.0999999997439 2.4482302708050008
1487.099999999743 2.4482302708050008
1488.099999999742 2.4482302708050008
1489.0999999997412 2.5
1490.0999999997402 2.5
1491.0999999997393 2.5
1492.0999999997384 2.5
1493.0999999997375 2.482835072998079
1494.0352350096584 2.488992474115284
1495.0520755276889 2.488992474115284
1496.0999999997348 2.488992474115284
1497.0999999997339 2.5
1498.099999999733 2.5
1499.099999999732 2.5
1500.001779355771 2.5
#####################################################################
# End of data export. Simulation finished at: 2024-06-03T10:15+0000 #
#####################################################################
