#####################################################################
# Alchemist log file - simulation started at: 2024-06-03T09:48+0000 #
#####################################################################
#
# agentFrequency = 2.0, speed = 1.0, numberOfDrones = 10.0, seed = 53.0
#
# The columns have the following meaning: 
# time error 
0.0 76.61083169197242
0.0 76.61083169197242
1.0653896854152 76.56028576919934
2.0000000000000004 76.9307700311324
3.0000000000000013 78.23306388959149
4.000000000000002 81.49464199703424
5.001861187348829 87.39107279061564
6.008444429363211 90.94618954888603
7.010368663895546 91.91737812353048
8.088263494942527 92.65727082901739
9.02665315706303 92.54867977663842
10.002903665951177 91.90216147010106
11.098116612475426 91.53680983161475
12.062105719309473 91.05284315976202
13.067684650643807 90.87371260020747
14.02121016388821 91.0045821749471
15.054662241637903 91.1494446026081
16.00219477309375 90.95669507870278
17.060636463952818 91.12362998934569
18.00144873605869 90.82623145255809
19.0 90.71454532390425
20.000000000000014 90.83301280533811
21.00000000000003 90.92686023280808
22.000000000000043 90.92686023280808
23.000000000000057 90.92686023280808
24.00000000000007 90.80741500440297
25.000000000000085 90.80741500440297
26.0000000000001 90.80741500440297
27.000000000000114 90.80829946318347
28.000000000000128 90.63529583025006
29.000000000000142 90.3532302946495
30.000000000000156 90.5413724154705
31.00000000000017 90.5413724154705
32.000000000000185 90.63357040176236
33.0000000000002 90.26969174855715
34.00000000000021 90.17103317479022
35.00000000000023 90.29331094873987
36.00000000000024 90.20023437755287
37.000000000000256 90.20023437755287
38.00000000000027 90.20023437755287
39.000000000000284 90.2348677307599
40.0000000000003 90.09445542981577
41.00000000000031 90.09445542981577
42.00000000000033 90.09445542981577
43.00000000000034 89.67694068880752
44.000000000000355 89.80377928189924
45.00000000000037 89.86359761046423
46.000000000000384 89.31066917683157
47.0000000000004 89.31066917683157
48.00000000000041 89.40165579123581
49.000000000000426 89.18552279482874
50.00000000000044 89.23469212278658
51.000000000000455 89.50377592920458
52.00000000000047 89.68819734383248
53.00000000000048 89.69644606991153
54.0000000000005 90.1209020152405
55.00000000000051 90.11849440024496
56.000000000000526 90.25947998933694
57.00000000000054 89.97313389655955
58.000000000000554 89.97313389655955
59.00000000000057 89.95791650632748
60.00000000000058 89.95791650632748
61.0000000000006 89.95791650632748
62.00000000000061 89.65208445646466
63.000000000000625 89.65208445646466
64.00000000000064 89.97789125559912
65.00000000000058 89.83301582583768
66.00000000000053 89.83301582583768
67.00000000000047 89.6574816963578
68.00000000000041 89.61237808489581
69.00000000000036 89.01141643542992
70.0000000000003 88.9269354515741
71.00000000000024 88.7239198261273
72.00000000000018 88.81086237737387
73.00000000000013 88.73244934432523
74.00000000000007 88.51365700567945
75.00000000000001 88.40854141243614
76.00642551408598 88.40854141243614
77.02448866462653 88.58406079884578
78.02828968202884 88.58406079884578
79.09999999999978 88.45548021624333
80.00989974028406 88.0033229387777
81.00472750087438 87.80955293247584
82.01756281174396 87.72501668687633
83.0402217425489 87.79913442433319
84.04793533752802 87.6548729684407
85.09999999999944 87.38661604477059
86.09999999999938 87.27498807250232
87.0514842697606 87.03780005515229
88.0004574111649 87.05631523230682
89.00563530021599 87.05631523230682
90.00429610381332 86.9362933279156
91.05325063479967 86.82010825354851
92.00667745683866 86.82010825354851
93.079907682534 86.45781094999758
94.09999999999893 86.4343083658747
95.09999999999887 86.20261932266683
96.03242432218562 86.1011678386293
97.03905512954564 85.9209498764419
98.01684734653173 85.9209498764419
99.05904371903767 85.53425521112867
100.0033579587041 85.46614962117783
101.05445286873159 85.34331513279471
102.01756335184248 85.0850014738755
103.00332117128562 85.0850014738755
104.02373197276498 84.9058127270887
105.01696572068232 84.83438499921826
106.02508676144379 84.83438499921826
107.01936458184805 84.83438499921826
108.01884931896083 84.74572117777326
109.00071194462605 84.56872155908746
110.04246462411206 83.87926732010087
111.01944314372669 83.71417856422875
112.01702537522696 83.71417856422875
113.01176173871303 83.50087588896136
114.0030074894876 83.27150251192087
115.0387202123463 82.97524900422391
116.0138174394087 81.83274362265144
117.0325295058571 80.90072676880719
118.01111863148151 80.28951842490278
119.0389468665958 79.29263134296653
120.08893463441579 78.60877535089169
121.04347357932552 78.08547661625869
122.09999999999734 77.47432841881992
123.02595675221872 77.49987775854278
124.09999999999722 77.49987775854278
125.0077120059526 77.52372867985864
126.09999999999711 77.36073661466747
127.00237094164932 76.83240061828869
128.0150093288844 76.83240061828869
129.0446363249485 76.66133656022105
130.03320918678398 76.28710001931695
131.079052741433 76.27965763131824
132.00257445471215 76.21528445684386
133.09999999999673 76.25956986171504
134.08717472813626 75.79954070914863
135.00214317059326 75.82453939471259
136.02276426097723 75.82453939471259
137.09955317163937 75.74513502154252
138.09999999999644 75.1654873521276
139.05408079644974 75.1654873521276
140.0000412547204 75.23100785904737
141.0084211318839 74.59806150819189
142.07739417153053 74.48640924298046
143.0027228289526 74.5609789288272
144.00089543259085 74.11829319238025
145.0516440397088 74.06896953156937
146.04276717011032 73.77334400685234
147.07504426084887 73.76132838135979
148.01815014796168 73.82552517081214
149.00610936687008 73.44915822228235
150.0088392121183 73.44915822228235
151.0040596787924 73.4300129477996
152.09999999999565 72.91196315634926
153.01799608278336 72.928030085106
154.0349817767285 72.81829479617633
155.01454603537684 72.56871955260114
156.0122659528323 72.56871955260114
157.0252839927871 72.51204067269776
158.02676229748766 72.18768725576263
159.00756735173093 72.18768725576263
160.02285397258757 72.13994953058176
161.0590867989696 71.88273609966778
162.01148255053604 71.81003620364511
163.03172259072224 71.62648217970656
164.01506740046634 71.69468200405782
165.0999999999949 71.86371915481858
166.0869018008351 71.8207693778675
167.0392991408117 71.42884460749057
168.06826174962328 71.35684750049809
169.01077659857046 69.98011616887898
170.00776320343996 68.5837156410098
171.0311648433531 67.53946778964642
172.0034134365433 68.33720622058705
173.06717014893115 69.35499895640294
174.0659381330348 69.995561310656
175.04321972407206 69.41504662854769
176.01037755518854 69.60171386185395
177.00178497285611 69.57947916382972
178.0048639715468 68.99200397669385
179.0099971518608 68.93418102969677
180.04796291265328 68.61184381010872
181.00537605332283 68.68806213604813
182.01376720655207 68.66683167666183
183.03821021493863 68.10020219106278
184.01305764736517 68.15793785699125
185.06294209474893 68.22837939380994
186.02595094136902 67.81106727233065
187.0042738340156 67.81106727233065
188.02082307574213 67.73391211028013
189.03155791701937 67.96176039077321
190.00955603083307 67.00701337516962
191.0010095470753 67.00701337516962
192.00495239777754 66.8160232222185
193.0553713431356 67.19181223395321
194.03546002359093 66.37243895912499
195.0232461154611 66.37243895912499
196.05059390230153 66.32053966099468
197.0999999999931 66.58217364372402
198.00148609780308 66.58217364372402
199.042026270475 66.15966541073938
200.03336386695725 65.58307049969731
201.00511325756253 65.65668991740242
202.01966076472308 65.10240755664049
203.02722561555737 65.10240755664049
204.0999999999927 65.15648920433826
205.04554589937783 65.28506109329511
206.05584258167812 64.51833247810887
207.0152548616305 64.62862239959952
208.00775049795436 64.12570751612627
209.00698385138455 64.21771926963278
210.0367021970117 64.2019573348961
211.04605731677637 63.597091057490815
212.026577944432 63.60146339565124
213.09999999999218 63.60146339565124
214.00765342686273 63.84627020375603
215.0204680803439 63.84627020375603
216.0006059978554 62.66131847072069
217.0677362590604 62.680274466192174
218.00630676352708 62.51765740478515
219.00879598786153 62.27120103939597
220.07245275607124 61.82607553009531
221.0319703356383 62.09113283233583
222.02425138235506 62.21065036120833
223.00674465913568 62.213133045852324
224.01571903158674 61.480625105370066
225.00966507297994 61.72453158863816
226.01423055351705 61.11658822145642
227.02270036367787 61.161084942303596
228.0140759615178 60.881166333180644
229.02747539099207 61.15817492988388
230.0059463236953 61.05922135740591
231.0416239329102 60.35030468360538
232.0062902780487 60.35030468360538
233.000335497484 60.40401110756926
234.02867230342633 60.68113634119001
235.0722269654005 59.66091838909162
236.0010968585267 59.444179027168744
237.01847915181605 59.9093030371277
238.00154867308382 59.079170662099806
239.0216182231054 59.245100444587926
240.0062523112063 58.857338824059006
241.01394758799145 58.76730180038868
242.032007843229 59.07733860114176
243.0613052395576 58.52734835740947
244.0432124859772 58.62255723909303
245.02480287514896 58.62394073072677
246.01030342366565 58.071339678171206
247.00240081244223 58.23894674682726
248.02028873113252 58.26170092206674
249.02261237448482 57.68153179064657
250.03662735549503 57.61048780134446
251.07724795462417 57.55977269769567
252.00196770279805 57.721022060805566
253.0653516181989 57.721519621058626
254.043450587688 58.00729900947078
255.0039734002735 57.23630133686895
256.01308549414614 56.08303008842849
257.0536265777617 53.77137791423138
258.03568655397487 53.07868112700396
259.0178517777386 53.435851670712346
260.04040200158926 52.76198668417118
261.02671681814974 52.9574320331866
262.0345338281804 53.06457785828356
263.04487829489545 52.81149087106328
264.02066399261975 52.56371624612868
265.0999999999918 52.71731752188576
266.0040216559016 52.62862463852419
267.0449600429454 52.35668628238277
268.0673451393465 52.39234551656193
269.0193991806707 52.0569580273294
270.01072280777385 52.148645395763126
271.0249246367598 52.02939824808945
272.01899475637566 51.761909307469864
273.027962647068 51.75565469431038
274.02213715188753 51.93161124678764
275.0002293602171 51.42590988580612
276.03928718965125 51.747350660661105
277.00600658608323 51.40066214718364
278.0988485098623 50.90999509004839
279.09999999999496 50.77747707090567
280.0336294586917 50.794216337356076
281.0319101049447 50.776886203178
282.0204440178952 50.776886203178
283.00193266211784 50.17423394297033
284.0999999999961 50.52902378317783
285.0792263444855 50.92008844990955
286.039282145356 50.52858102318049
287.00666554867155 50.02215942767204
288.0204951237762 49.799882445934315
289.00620891048203 49.36985879641411
290.0223466780541 49.88577482482012
291.0999999999977 49.91588391462785
292.0200156953244 49.77862931859791
293.09999999999815 50.08778383184122
294.0999999999984 49.83169193016562
295.02438840664007 48.954114335773106
296.0180363507866 49.087351013676226
297.0859599755481 48.89041516878047
298.0059245050435 49.23741215471386
299.0286666952949 48.55342530502635
300.0203408788552 48.89156810536725
301.09999999999997 49.043369568219305
302.00000000000017 49.043369568219305
303.0000000000004 48.44596943596998
304.0000000000006 48.46589302803669
305.00000000000085 48.00418724472431
306.0000000000011 48.007124585357765
307.0000000000013 48.221402241061234
308.00000000000153 47.80363944781937
309.00000000000176 47.56469380842514
310.000000000002 47.66848070934104
311.0000000000022 47.79943933729645
312.00000000000244 47.19875265050371
313.0000000000027 47.606912324819945
314.0000000000029 47.04390916447019
315.0000000000031 47.253134020967096
316.00000000000335 46.851100848029475
317.0000000000036 46.80388191446818
318.0000000000038 46.89206250251627
319.00000000000404 47.00814095664794
320.00000000000426 46.819539967312366
321.0000000000045 46.205869837186576
322.0000000000047 46.53598659264024
323.00000000000495 46.11713466289778
324.0000000000052 46.03752475817224
325.0000000000054 45.96448918963953
326.0000000000056 46.221872589613476
327.00000000000585 45.58897358677068
328.0000000000061 45.58897358677068
329.0000000000063 45.62833518365044
330.00000000000654 44.040311404112025
331.00000000000676 43.98468505297488
332.000000000007 42.98655499870205
333.0000000000072 42.0033622671312
334.00000000000745 41.181464450898424
335.0000000000077 40.85783539587663
336.0000000000079 40.92198080179912
337.00000000000813 41.01066645657267
338.00000000000836 40.794745733639864
339.0000000000086 40.841944484629956
340.0000000000088 40.73879647233839
341.00000000000904 40.57124808144169
342.00000000000927 40.61559389068812
343.0000000000095 40.61498798133625
344.0000000000097 40.85195145773048
345.00000000000995 40.308840198508776
346.0000000000102 40.171935973248864
347.0000000000104 39.89651269488616
348.00000000001063 39.92348094440844
349.00000000001086 39.919667188558535
350.0000000000111 39.964167535277355
351.0000000000113 39.652153818277206
352.00000000001154 39.73469361078948
353.00000000001177 39.61089906721668
354.000000000012 39.49435085376397
355.0000000000122 39.54648328484806
356.00000000001245 39.20207295463674
357.0000000000127 39.1213048902247
358.0000000000129 39.1536438036675
359.00000000001313 39.13988916351116
360.00000000001336 39.252289102936565
361.0000000000136 38.89546333130959
362.0000000000138 38.97026496021308
363.00000000001404 39.143597783549794
364.00000000001427 38.66958195994181
365.0000000000145 38.45822818715836
366.0000000000147 38.25211720303983
367.00000000001495 38.34923255524839
368.0000000000152 38.367982925816435
369.0000000000154 38.4459689426653
370.00000000001563 38.16918161328172
371.00000000001586 38.19661263967605
372.0000000000161 38.211414512119475
373.0000000000163 38.144724007456944
374.00000000001654 37.92866151058347
375.00000000001677 37.81517091658246
376.000000000017 37.351929634128254
377.0000000000172 37.40111682996809
378.00000000001745 37.27959068454826
379.0000000000177 36.97108950976305
380.0000000000179 37.04247686858696
381.00000000001813 36.68889705763336
382.00000000001836 36.68889705763336
383.0000000000186 36.83421613348767
384.0000000000188 36.572179942667866
385.00000000001904 36.5336747399882
386.00000000001927 36.56071861551541
387.0000000000195 36.39988252389551
388.0000000000197 36.06571207087444
389.00000000001995 36.26753319551647
390.0000000000202 36.27061320610297
391.0000000000204 35.84215464501527
392.00000000002063 35.919000187829816
393.00000000002086 35.55846678221914
394.0000000000211 35.559666085897284
395.0000000000213 35.350619719424394
396.00000000002154 35.43652649799226
397.00000000002177 35.29276226481014
398.000000000022 34.97588684244465
399.0000000000222 34.98585170933313
400.00000000002245 34.92776790014648
401.0000000000227 34.89662189201361
402.0000000000229 34.897769053709
403.00000000002314 34.67393366216663
404.00000000002336 34.662955457157345
405.0000000000236 34.648730058340334
406.0000000000238 34.26516789873984
407.00000000002404 34.35613560175735
408.0000000000243 34.423781589072966
409.0000000000245 34.30046435859812
410.0000000000247 34.25619126659188
411.00000000002495 34.259460974081136
412.0000000000252 33.824274492096244
413.0000000000254 33.64746523890586
414.00000000002564 33.63583906296127
415.00000000002586 33.66418037157122
416.0000000000261 33.19212644795084
417.0000000000263 33.27358672342481
418.00000000002655 33.016176232079424
419.0000000000268 33.254572542980746
420.000000000027 32.990415030976074
421.0000000000272 32.82546395970386
422.00000000002746 32.874195220786675
423.0000000000277 32.44051335564723
424.0000000000279 32.54726234935969
425.00000000002814 32.4738773710658
426.00000000002836 32.24772645198642
427.0000000000286 32.24772645198642
428.0000000000288 32.43289098157369
429.00000000002905 32.086507869368894
430.0000000000293 32.2204517282907
431.0000000000295 32.14536121700649
432.00000000002973 32.02921759737316
433.00000000002996 32.05376569765535
434.0000000000302 31.712739106825612
435.0000000000304 31.758532523900524
436.00000000003064 30.3238364915615
437.00000000003087 29.453915863053517
438.0000000000311 28.355453925256256
439.0000000000313 27.055708108517596
440.00000000003155 25.582555096119254
441.0000000000318 25.441936827001083
442.000000000032 25.120230128921058
443.00000000003223 24.91392366380902
444.00000000003246 25.017823766087176
445.0000000000327 25.083136254043932
446.0000000000329 25.232107747019445
447.00000000003314 25.184182371441267
448.00000000003337 25.184182371441267
449.0000000000336 25.161389206985493
450.0000000000338 24.92489125329938
451.00000000003405 24.84844122998789
452.0000000000343 24.791448959849184
453.0000000000345 24.790088564385723
454.00000000003473 24.77622732922955
455.00000000003496 25.019736776427532
456.0000000000352 24.900134312911057
457.0000000000354 25.026896486520535
458.00000000003564 24.675009992176584
459.00000000003587 25.0
460.0000000000361 25.056607099648684
461.0000000000363 25.056607099648684
462.00000000003655 25.056607099648684
463.0000000000368 25.201561621497188
464.000000000037 25.28123668379501
465.00000000003723 25.0
466.00000000003746 25.04001602566297
467.0000000000377 25.105991804942065
468.0000000000379 25.263076180607552
469.00000000003814 25.401631376463527
470.00000000003837 25.15666976054816
471.0000000000386 25.18308504433403
472.0000000000388 25.062371514453243
473.00000000003905 25.322574577919607
474.0000000000393 25.064461142442774
475.0000000000395 24.889681698214712
476.00000000003973 25.04957229914892
477.00000000003996 24.973241147490846
478.0000000000402 24.989549104279526
479.0000000000404 24.907393015826365
480.00000000004064 25.19750225789102
481.00000000004087 24.88580064712609
482.0000000000411 25.110036017590282
483.0000000000413 24.860584240226174
484.00000000004155 24.633538194998128
485.0000000000418 24.957817472298533
486.000000000042 25.03826873986791
487.00000000004223 25.197160000216165
488.00000000004246 25.001451280040428
489.0000000000427 24.882752031377983
490.0000000000429 25.07524529431435
491.00000000004314 25.12115924118385
492.00000000004337 25.048531913083753
493.0000000000436 25.102200427032475
494.0000000000438 24.918010768713522
495.00000000004405 25.143220282401728
496.0000000000443 25.15711981021662
497.0000000000445 25.18109322375494
498.00000000004474 25.180931010444244
499.00000000004496 25.17783276539491
500.0000000000452 24.97368388494635
501.0000000000454 25.132297188699756
502.00000000004565 24.99657556874703
503.0000000000459 25.106958399501526
504.0000000000461 25.21015684683156
505.0000000000463 25.21015684683156
506.00000000004655 25.164514310657726
507.0000000000468 25.010899959971
508.000000000047 25.03927835446267
509.00000000004724 24.99184874759025
510.00000000004746 25.106774354005235
511.0000000000477 25.199007064753637
512.0000000000479 24.935096172026427
513.0000000000481 25.0
514.0000000000483 25.031403850407123
515.0000000000485 24.791653053356445
516.0000000000488 25.06719004620338
517.000000000049 25.05023636281734
518.0000000000492 25.02368101629498
519.0000000000495 25.128179029312776
520.0000000000497 25.11668957622038
521.0000000000499 25.22937423957822
522.0000000000501 25.052187978878052
523.0000000000504 25.03504408996198
524.0000000000506 24.840095831457965
525.0000000000508 24.872222097712594
526.000000000051 24.872222097712594
527.0000000000513 24.844686179720686
528.0000000000515 24.648184285638497
529.0000000000517 24.890524093114024
530.000000000052 25.054876665645168
531.0000000000522 24.790835262268182
532.0000000000524 25.01079641972858
533.0000000000526 25.13735948899031
534.0000000000529 25.105296415523
535.0000000000531 25.047309284966452
536.0000000000533 25.294868168334716
537.0000000000535 25.086309819239798
538.0000000000538 25.40602154719419
539.000000000054 25.29600188735353
540.0000000000542 25.23597458550806
541.0000000000545 25.43284358327134
542.0000000000547 25.147163780984773
543.0000000000549 25.142190319701513
544.0000000000551 25.069383290190125
545.0000000000554 25.069383290190125
546.0000000000556 25.040016025668884
547.0000000000558 25.072324118124918
548.000000000056 24.461051027298147
549.0000000000563 24.76314933106568
550.0000000000565 25.016854971035855
551.0000000000567 25.024478659362867
552.000000000057 25.023786114006107
553.0000000000572 24.996961603996468
554.0000000000574 25.027817728909472
555.0000000000576 25.19116879159083
556.0000000000579 24.999144153327446
557.0000000000581 24.82534084784543
558.0000000000583 24.892235781804473
559.0000000000585 24.693990965404453
560.0000000000588 24.681979138322237
561.000000000059 24.555502234691264
562.0000000000592 25.053845701666603
563.0000000000595 24.981912057055517
564.0000000000597 24.920826840895778
565.0000000000599 25.039927153053466
566.0000000000601 24.815137599194816
567.0000000000604 24.920618837749693
568.0000000000606 24.854211545859613
569.0000000000608 24.88754583190745
570.000000000061 25.12426189066476
571.0000000000613 24.870558647573674
572.0000000000615 25.093595254568115
573.0000000000617 25.125156937291163
574.000000000062 25.15636050501022
575.0000000000622 24.86477894816127
576.0000000000624 24.91170900087448
577.0000000000626 24.860947175373994
578.0000000000629 24.742373931945636
579.0000000000631 24.855745073205117
580.0000000000633 24.939374595108013
581.0000000000636 25.126915146550136
582.0000000000638 25.027015471928358
583.000000000064 25.135645747872022
584.0000000000642 25.399896119185183
585.0000000000645 25.069584926407686
586.0000000000647 25.060993914028995
587.0000000000649 25.087527245409394
588.0000000000651 25.266354307343093
589.0000000000654 25.0
590.0000000000656 25.0
591.0000000000658 25.075569032100347
592.000000000066 25.075569032100347
593.0000000000663 24.670354449263847
594.0000000000665 24.655079671594123
595.0000000000667 24.923486049365785
596.000000000067 24.716638424654143
597.0000000000672 24.703327957950158
598.0000000000674 24.86345702621844
599.0000000000676 24.809626485668858
600.0000000000679 24.82123522618962
601.0000000000681 24.897922647873607
602.0000000000683 24.932658728721318
603.0000000000686 24.916197996467453
604.0000000000688 24.77977982931072
605.000000000069 24.708421839371354
606.0000000000692 24.67767561052807
607.0000000000695 24.893665893130006
608.0000000000697 25.10863196975061
609.0000000000699 24.959567506709188
610.0000000000701 24.856958183940286
611.0000000000704 25.018858283883677
612.0000000000706 24.887200149069386
613.0000000000708 25.136150135962616
614.000000000071 25.172798619839092
615.0000000000713 25.173096882935848
616.0000000000715 25.09538410495383
617.0000000000717 25.12754058211325
618.000000000072 25.02860216892645
619.0000000000722 25.10083039211057
620.0000000000724 24.745254301453986
621.0000000000726 24.934171068423034
622.0000000000729 25.042694143111838
623.0000000000731 25.06596583420411
624.0000000000733 24.933115296151236
625.0000000000736 25.025055891664767
626.0000000000738 24.999136003204946
627.000000000074 25.023160253884157
628.0000000000742 25.0
629.0000000000745 25.040016025659643
630.0000000000747 25.118121674535182
631.0000000000749 25.09623594469795
632.0000000000751 25.019046405100184
633.0000000000754 25.09865474356372
634.0000000000756 25.00688574961025
635.0000000000758 25.04606388044304
636.000000000076 25.098479477852337
637.0000000000763 24.801784449089
638.0000000000765 24.868760017240405
639.0000000000767 25.0
640.000000000077 25.036485253956716
641.0000000000772 25.12689189100153
642.0000000000774 24.641436309885894
643.0000000000776 24.988895556883527
644.0000000000779 25.054109679886757
645.0000000000781 24.823766953507892
646.0000000000783 24.93616876449056
647.0000000000786 24.760363520728056
648.0000000000788 24.926153078594897
649.000000000079 25.00430607555407
650.0000000000792 25.142876673771106
651.0000000000795 24.849974022441028
652.0000000000797 25.097230202557103
653.0000000000799 25.002084934678
654.0000000000801 24.936419782924673
655.0000000000804 24.98562201434272
656.0000000000806 25.282217788206214
657.0000000000808 25.080396956637504
658.0000000000811 25.1499423018767
659.0000000000813 24.939023881876764
660.0000000000815 24.899162979546688
661.0000000000817 25.12792015724079
662.000000000082 25.143050870984666
663.0000000000822 25.349848302444848
664.0000000000824 25.198669223872468
665.0000000000827 25.344360321702098
666.0000000000829 25.092101732427437
667.0000000000831 25.13186551866093
668.0000000000833 25.016525171272683
669.0000000000836 25.119803746144242
670.0000000000838 24.954297111951547
671.000000000084 24.856135858540917
672.0000000000842 24.848893313101634
673.0000000000845 25.02439558060184
674.0000000000847 24.777689889497807
675.0000000000849 24.93074822093287
676.0000000000852 25.0
677.0000000000854 25.01000100040025
678.0000000000856 25.086905524507884
679.0000000000858 25.03992877607036
680.0000000000861 25.254862851008177
681.0000000000863 24.733807943313735
682.0000000000865 24.841398332717265
683.0000000000867 24.715482092465734
684.000000000087 24.83174908339388
685.0000000000872 24.828861698770005
686.0000000000874 24.95145153235027
687.0000000000877 25.02436166706814
688.0000000000879 25.130073907851337
689.0000000000881 25.09084830727276
690.0000000000883 24.942860015475723
691.0000000000886 24.80382742450867
692.0000000000888 25.016891811063793
693.000000000089 24.97300773378783
694.0000000000892 25.11982746712973
695.0000000000895 25.021513300318155
696.0000000000897 25.1604579606921
697.0000000000899 25.186298361526294
698.0000000000902 25.284436261437868
699.0000000000904 25.086358177365913
700.0000000000906 25.123766338547334
701.0000000000908 25.152849937284838
702.0000000000911 25.120597089474646
703.0000000000913 25.067980037650322
704.0000000000915 24.92345615006059
705.0000000000917 24.871590706220406
706.000000000092 25.02250407442489
707.0000000000922 24.99855061649817
708.0000000000924 24.97199091180328
709.0000000000927 25.158437037215826
710.0000000000929 25.061092166143546
711.0000000000931 25.172691537146353
712.0000000000933 24.866567509160998
713.0000000000936 24.957786104684867
714.0000000000938 25.019768967223236
715.000000000094 25.147474677437245
716.0000000000942 25.14969646497571
717.0000000000945 25.066213812177665
718.0000000000947 24.998533805270277
719.0000000000949 24.948075853647282
720.0000000000952 25.21946339838656
721.0000000000954 25.1596744697096
722.0000000000956 25.192913905008453
723.0000000000958 25.107774688224357
724.0000000000961 25.2245532488247
725.0000000000963 25.027076742487516
726.0000000000965 25.181445656670455
727.0000000000967 25.253900587661903
728.000000000097 25.159108141906017
729.0000000000972 25.21768531245086
730.0000000000974 25.064043563130227
731.0000000000977 25.310728453305405
732.0000000000979 25.22773733702828
733.0000000000981 25.08698509273951
734.0000000000983 25.159105439081152
735.0000000000986 25.187203123035072
736.0000000000988 25.041650106379805
737.000000000099 25.02409839665807
738.0000000000992 25.163707783283407
739.0000000000995 25.04978028434563
740.0000000000997 25.04978028434563
741.0000000000999 25.04978028434563
742.0000000001002 25.028788024859573
743.0000000001004 24.99261884017707
744.0000000001006 25.07309248511264
745.0000000001008 25.07309248511264
746.0000000001011 25.07309248511264
747.0000000001013 24.995762104591115
748.0000000001015 24.785095649931034
749.0000000001017 24.897257626198524
750.000000000102 24.71582360986753
751.0000000001022 24.7803880373761
752.0000000001024 25.0
753.0000000001027 25.053006587211677
754.0000000001029 25.053006587211677
755.0000000001031 24.898644165082686
756.0000000001033 24.769829618278415
757.0000000001036 25.041437506938877
758.0000000001038 25.067566032756034
759.000000000104 25.200582654465908
760.0000000001043 25.0295108395326
761.0000000001045 25.0295108395326
762.0000000001047 25.0295108395326
763.0000000001049 25.039795468819293
764.0000000001052 25.099185089210486
765.0000000001054 24.955163377479487
766.0000000001056 25.139108620558645
767.0000000001058 25.029363321727466
768.0000000001061 25.03906823898207
769.0000000001063 24.667990977261905
770.0000000001065 24.83893502606328
771.0000000001068 24.798916847951283
772.000000000107 24.908501068799577
773.0000000001072 24.945156160599
774.0000000001074 25.065303713897126
775.0000000001077 24.926463664024887
776.0000000001079 24.896983157317674
777.0000000001081 25.024944648934856
778.0000000001083 25.024944648934856
779.0000000001086 24.96005236796903
780.0000000001088 24.850901136539484
781.000000000109 25.058260853446765
782.0000000001093 25.283258971588914
783.0000000001095 25.221563377626318
784.0000000001097 25.275039587636176
785.0000000001099 25.38545093600817
786.0000000001102 25.233514568229374
787.0000000001104 25.13259499684233
788.0000000001106 25.22309076315461
789.0000000001108 25.053964509183754
790.0000000001111 25.097987217975806
791.0000000001113 25.168279932454904
792.0000000001115 24.94565194838556
793.0000000001118 24.95335226802069
794.000000000112 24.795906233750916
795.0000000001122 24.99885546234597
796.0000000001124 25.000272408848772
797.0000000001127 25.161232619121773
798.0000000001129 24.90791258713017
799.0000000001131 24.852967229188053
800.0000000001133 24.928573156875252
801.0000000001136 24.908794500548744
802.0000000001138 25.01746385047882
803.000000000114 25.17545221847271
804.0000000001143 25.249104467533776
805.0000000001145 25.463858094745703
806.0000000001147 25.26338856492715
807.0000000001149 25.254854918452363
808.0000000001152 24.79837986467527
809.0000000001154 24.9147636232631
810.0000000001156 24.833716315361265
811.0000000001158 24.738213613977734
812.0000000001161 24.81094781867182
813.0000000001163 24.967389842996266
814.0000000001165 25.028971493887706
815.0000000001168 24.969898722280874
816.000000000117 24.65522335888231
817.0000000001172 24.918266446517958
818.0000000001174 25.048877111718745
819.0000000001177 25.26631967758806
820.0000000001179 25.27764630058349
821.0000000001181 25.354509649705818
822.0000000001183 24.9932141989932
823.0000000001186 25.06877484644854
824.0000000001188 24.888272997365426
825.000000000119 24.824795458576048
826.0000000001193 25.044336125710664
827.0000000001195 25.02115776002953
828.0000000001197 25.02805418809936
829.0000000001199 24.84962438675287
830.0000000001202 24.930103138815163
831.0000000001204 25.06997881281699
832.0000000001206 25.156411509671834
833.0000000001208 25.02634758496184
834.0000000001211 25.073605728035343
835.0000000001213 24.834173381401424
836.0000000001215 24.35013265792436
837.0000000001218 24.67728039633165
838.000000000122 25.0
839.0000000001222 25.05552071472946
840.0000000001224 24.793575874783564
841.0000000001227 24.73254254137829
842.0000000001229 25.01683811998795
843.0000000001231 25.162193902858817
844.0000000001234 24.97008508817562
845.0000000001236 25.024860045136947
846.0000000001238 24.775237580196812
847.000000000124 24.97582016981378
848.0000000001243 25.05104214187026
849.0000000001245 25.0067005112592
850.0000000001247 24.935269648047264
851.0000000001249 25.000296171351298
852.0000000001252 25.070880241884765
853.0000000001254 24.878867653160164
854.0000000001256 24.949484717473823
855.0000000001259 24.85944824219112
856.0000000001261 25.015171169916133
857.0000000001263 25.05704980630655
858.0000000001265 25.0529018229588
859.0000000001268 24.908428128739736
860.000000000127 25.022315708494137
861.0000000001272 25.16672664881988
862.0000000001274 25.071232496522292
863.0000000001277 25.16616051016472
864.0000000001279 25.180987503522363
865.0000000001281 25.119392199018517
866.0000000001284 24.981111747464187
867.0000000001286 24.975233718202155
868.0000000001288 24.889068192902634
869.000000000129 25.046160527946682
870.0000000001293 25.046160527946682
871.0000000001295 25.401161691005868
872.0000000001297 25.01734799124169
873.00000000013 25.01734799124169
874.0000000001302 25.033148081086
875.0000000001304 25.0346343179483
876.0000000001306 24.94398431429146
877.0000000001309 25.121112839003235
878.0000000001311 25.35556123289306
879.0000000001313 25.09649963139324
880.0000000001315 24.970908532271118
881.0000000001318 24.829415771866042
882.000000000132 25.001940797173887
883.0000000001322 25.172953453297332
884.0000000001324 24.94534654921732
885.0000000001327 24.746568839987745
886.0000000001329 25.010528482468533
887.0000000001331 25.057523474014534
888.0000000001334 25.09951163203722
889.0000000001336 25.176540335875547
890.0000000001338 24.92841295588526
891.000000000134 25.067811357295312
892.0000000001343 25.21029823541619
893.0000000001345 24.932863135490823
894.0000000001347 24.886289831636326
895.000000000135 24.94533510767853
896.0000000001352 24.94533510767853
897.0000000001354 24.93017714961897
898.0000000001356 25.53820289784086
899.0000000001359 25.048764638140767
900.0000000001361 24.91986572333423
901.0000000001363 24.606901819346287
902.0000000001365 24.691534418916145
903.0000000001368 25.10633457578068
904.000000000137 25.015225801368775
905.0000000001372 25.099139126881415
906.0000000001374 25.031508561777052
907.0000000001377 24.85416338159715
908.0000000001379 24.835768603481128
909.0000000001381 25.06566510762035
910.0000000001384 25.152499123492102
911.0000000001386 24.69234501624872
912.0000000001388 24.85679475223422
913.000000000139 24.669918005526696
914.0000000001393 24.733084052983855
915.0000000001395 24.785136841509477
916.0000000001397 25.02720139738711
917.00000000014 25.03511321808316
918.0000000001402 24.786433069854272
919.0000000001404 25.039346602001032
920.0000000001406 24.748857276303077
921.0000000001409 24.43026799449429
922.0000000001411 24.733456350398754
923.0000000001413 24.84586073919394
924.0000000001415 25.02589602013526
925.0000000001418 24.98867731533414
926.000000000142 24.95057422996678
927.0000000001422 24.99529364646988
928.0000000001424 24.844118077544607
929.0000000001427 24.68539952701161
930.0000000001429 24.660446019342483
931.0000000001431 24.84535324050714
932.0000000001434 25.057668115588918
933.0000000001436 25.170881238198984
934.0000000001438 24.852963252783127
935.000000000144 25.026965794153828
936.0000000001443 25.026965794153828
937.0000000001445 25.026965794153828
938.0000000001447 25.06456208834938
939.000000000145 25.15041187145819
940.0000000001452 25.17730528005117
941.0000000001454 24.86758927870888
942.0000000001456 24.708715378353475
943.0000000001459 25.104322393664287
944.0000000001461 25.251903371877866
945.0000000001463 25.08470383523185
946.0000000001465 25.083461183758338
947.0000000001468 24.941335956765244
948.000000000147 24.96279350689075
949.0000000001472 24.78501958510239
950.0000000001475 24.652922110362532
951.0000000001477 24.650267026580167
952.0000000001479 24.760921223994018
953.0000000001481 24.679158276550776
954.0000000001484 24.91347644133593
955.0000000001486 24.96213132167371
956.0000000001488 25.044521569722036
957.000000000149 25.044521569722036
958.0000000001493 25.073133669993208
959.0000000001495 25.24726307430876
960.0000000001497 25.049438829582023
961.00000000015 25.510067754220728
962.0000000001502 25.165110133918734
963.0000000001504 25.34979871166841
964.0000000001506 25.270691219286604
965.0000000001509 25.113514589631404
966.0000000001511 24.914730918962036
967.0000000001513 24.78097976087629
968.0000000001515 24.932852791985496
969.0000000001518 24.6839252525234
970.000000000152 24.713804000523467
971.0000000001522 24.886443786507787
972.0000000001525 25.19925739935527
973.0000000001527 24.67212027698552
974.0000000001529 24.797290310380404
975.0000000001531 24.856441966010465
976.0000000001534 24.94142625066565
977.0000000001536 25.150891829361974
978.0000000001538 24.910963581714608
979.000000000154 24.9006594395232
980.0000000001543 25.098251235789068
981.0000000001545 24.967234077938212
982.0000000001547 25.06280428268912
983.000000000155 24.943821896807812
984.0000000001552 25.087588553811248
985.0000000001554 24.995693298602905
986.0000000001556 24.878865497691677
987.0000000001559 25.01160721442091
988.0000000001561 25.02080369299923
989.0000000001563 25.164058268126226
990.0000000001565 25.140241740800192
991.0000000001568 25.11810537785505
992.000000000157 25.089741647545274
993.0000000001572 25.09690896678255
994.0000000001575 25.048633792400604
995.0000000001577 25.053336463552753
996.0000000001579 25.161845443859235
997.0000000001581 25.3281305083099
998.0000000001584 25.358870339436397
999.0000000001586 25.234264162212952
1000.0000000001588 25.001301519748733
1001.000000000159 25.187597679441957
1002.0000000001593 25.21299842361032
1003.0000000001595 25.091769289623436
1004.0000000001597 25.129173893639514
1005.00000000016 25.130665742036136
1006.0000000001602 25.133087663024554
1007.0000000001604 25.102839364744785
1008.0000000001606 25.084231796623037
1009.0000000001609 25.04002846368667
1010.0000000001611 24.994385450112755
1011.0000000001613 25.034920151907535
1012.0000000001615 24.98796294471221
1013.0000000001618 25.00362102943079
1014.000000000162 25.011139854538243
1015.0000000001622 25.01365845813017
1016.0000000001625 25.237573372446917
1017.0000000001627 25.21767180556617
1018.0000000001629 24.87839085212639
1019.0000000001631 24.878318369742775
1020.0000000001634 25.073168157791127
1021.0000000001636 24.858989576635317
1022.0000000001638 24.96981123746621
1023.000000000164 25.185775941306776
1024.0000000001642 25.019978121780465
1025.0000000001633 25.069299341820635
1026.0000000001623 24.93754890897758
1027.0000000001614 24.667951080701503
1028.0000000001605 24.825472660112137
1029.0000000001596 24.825472660112137
1030.0000000001587 24.88777866422187
1031.0000000001578 24.97712182667417
1032.000000000157 25.076714944682614
1033.000000000156 25.074408373531263
1034.000000000155 25.42483474786268
1035.0000000001542 25.433257275998514
1036.0000000001532 25.17124048276615
1037.0000000001523 25.13881370841803
1038.0000000001514 25.03322196541264
1039.0000000001505 25.024512053134508
1040.0000000001496 25.064560197564052
1041.0000000001487 25.224873951661216
1042.0000000001478 25.0
1043.0000000001469 25.04656111225303
1044.000000000146 25.04656111225303
1045.000000000145 25.11266632054541
1046.0000000001442 25.18991792447758
1047.0000000001432 24.961359827351806
1048.0000000001423 25.02247739503199
1049.0000000001414 24.90748441574576
1050.0000000001405 25.036467652947987
1051.0000000001396 25.08429658378093
1052.0000000001387 25.217606724924668
1053.0000000001378 25.25202092032051
1054.0000000001369 25.163584308911844
1055.000000000136 24.918926369612123
1056.000000000135 24.85085863572936
1057.0000000001342 25.000000000456183
1058.0000000001332 24.92005797109017
1059.0000000001323 24.95823545586067
1060.0000000001314 25.078081572196034
1061.0000000001305 24.656536173916013
1062.0000000001296 24.656864989575677
1063.0000000001287 25.137155533054614
1064.0000000001278 24.608726343699185
1065.0000000001269 24.769477212142416
1066.000000000126 24.82629529658473
1067.000000000125 24.892359747169614
1068.0000000001241 25.06299538786022
1069.0000000001232 25.005737745854383
1070.0000000001223 24.89708508906748
1071.0000000001214 24.926786953963504
1072.0000000001205 25.086079564918382
1073.0000000001196 24.62443993598097
1074.0000000001187 24.5420881088517
1075.0000000001178 24.68812709544862
1076.0000000001169 24.58636112355243
1077.000000000116 24.68229255142401
1078.000000000115 24.46125195787251
1079.0000000001141 24.523484622164172
1080.0000000001132 24.548089032407965
1081.0000000001123 24.850154521645273
1082.0000000001114 24.561406365003094
1083.0000000001105 24.7553590121247
1084.0000000001096 24.60503077622791
1085.0000000001087 24.791793998092807
1086.0000000001078 24.60735363002299
1087.0000000001069 24.239505131633408
1088.000000000106 24.58920119245378
1089.000000000105 24.683448660871576
1090.0000000001041 24.830020452305774
1091.0000000001032 24.97201003590171
1092.0000000001023 25.099897285392505
1093.0000000001014 24.857702026849132
1094.0000000001005 25.160695539301905
1095.0000000000996 25.11101654156679
1096.0000000000987 25.13913454630952
1097.0000000000978 25.298087044978047
1098.0000000000969 25.200047998335215
1099.000000000096 25.324773399850862
1100.000000000095 25.06778077500903
1101.0000000000941 25.181565962826678
1102.0000000000932 25.027188980436954
1103.0000000000923 25.00235112075155
1104.0000000000914 24.71995590198898
1105.0000000000905 24.882410127815564
1106.0000000000896 24.897326457954982
1107.0000000000887 24.999438974888584
1108.0000000000878 25.012041737717364
1109.0000000000869 24.954363363123846
1110.000000000086 25.069841979709217
1111.000000000085 24.7240521381646
1112.0000000000841 24.767228570546255
1113.0000000000832 25.0244105199004
1114.0000000000823 25.04400786754785
1115.0000000000814 24.83548681677161
1116.0000000000805 25.11907814932992
1117.0000000000796 25.155643185979976
1118.0000000000787 25.03882717093928
1119.0000000000778 25.01922922252023
1120.0000000000769 25.01922922252023
1121.000000000076 24.96719488248939
1122.000000000075 25.026727257183964
1123.0000000000741 25.05675193367931
1124.0000000000732 25.022518374666028
1125.0000000000723 25.089840550713845
1126.0000000000714 25.102989657972017
1127.0000000000705 25.024199695153023
1128.0000000000696 24.941745355377485
1129.0000000000687 25.01425042012482
1130.0000000000678 25.01425042012482
1131.0000000000668 24.980658718880413
1132.000000000066 25.0923846832495
1133.000000000065 25.05409369208705
1134.0000000000641 25.07145143516195
1135.0000000000632 25.361958248538663
1136.0000000000623 25.0450242774024
1137.0000000000614 24.991251101898058
1138.0000000000605 24.933963656787913
1139.0000000000596 24.87077947768084
1140.0000000000587 24.92293778257605
1141.0000000000578 24.936550746944082
1142.0000000000568 24.922954686783918
1143.000000000056 25.048516671203682
1144.000000000055 25.03783800094759
1145.0000000000541 24.702807647519712
1146.0000000000532 24.889192884407148
1147.0000000000523 24.814044754353688
1148.0000000000514 25.024160126278588
1149.0000000000505 24.912377197792093
1150.0000000000496 24.987755251568174
1151.0000000000487 25.009894617512632
1152.0000000000477 25.19037826549037
1153.0000000000468 24.91479136246296
1154.000000000046 24.9597876054534
1155.000000000045 25.046810313851203
1156.000000000044 24.933912775403734
1157.0000000000432 25.046757851730206
1158.0000000000423 24.872547697576803
1159.0000000000414 24.89641952322194
1160.0000000000405 24.705760809252403
1161.0000000000396 24.73688434386518
1162.0000000000387 24.736612323124394
1163.0000000000377 24.652591065528735
1164.0000000000368 24.65801967801591
1165.000000000036 24.846266190216536
1166.000000000035 24.879323707145012
1167.000000000034 24.88072879378059
1168.0000000000332 24.86041068292522
1169.0000000000323 24.90031018874362
1170.0000000000314 24.817017381751306
1171.0000000000305 24.489289766491538
1172.0000000000296 24.91090228410091
1173.0000000000286 24.82881284813397
1174.0000000000277 24.692595579247644
1175.0000000000268 24.9614044530803
1176.000000000026 24.863173406672395
1177.000000000025 24.89585529626325
1178.000000000024 24.93907800520286
1179.0000000000232 24.93907800520286
1180.0000000000223 24.768362382599157
1181.0000000000214 25.089344233739244
1182.0000000000205 24.879196698053637
1183.0000000000196 24.950940653185167
1184.0000000000186 25.05949579447455
1185.0000000000177 25.23444415775789
1186.0000000000168 25.124095913196626
1187.000000000016 25.15015667580642
1188.000000000015 25.017080811452903
1189.000000000014 25.02083721359933
1190.0000000000132 25.096116018558597
1191.0000000000123 25.0861058015739
1192.0000000000114 25.02267591581435
1193.0000000000105 25.081275554573086
1194.0000000000095 25.058003620523408
1195.0000000000086 25.04616258943697
1196.0000000000077 24.708399097879916
1197.0000000000068 24.702837186567507
1198.000000000006 25.015781379301586
1199.000000000005 25.03631139132978
1200.000000000004 25.03631139132978
1201.0000000000032 24.691924307199464
1202.0000000000023 25.055366787953805
1203.0000000000014 24.895149841732188
1204.0000000000005 24.85545960779707
1205.020690219739 25.01189928545351
1206.0271860571922 24.880926739113775
1207.004833403973 24.829002005689265
1208.0017481854068 24.753884409894564
1209.0999999999958 24.749993370368813
1210.0448371747445 24.88270547808171
1211.0400008615816 24.841242342383655
1212.0474715224923 24.759885357012827
1213.0410600454466 24.72013562868143
1214.0199154285162 24.769774257093168
1215.001348185794 24.723890961633938
1216.089162052994 24.780441034588332
1217.0952568574967 25.057383396458214
1218.08650810208 25.057383396458214
1219.0976429578043 25.26899985629369
1220.0062674599055 25.092865844606635
1221.099999999985 24.899233610405055
1222.0063839067386 25.0
1223.0066017234417 25.081235863570722
1224.0442131684276 25.033715462271854
1225.0452800019937 25.077663234817024
1226.0286449543992 25.01942840292512
1227.0245821022806 25.163318221018745
1228.0039760819843 25.03780213023139
1229.0186653411617 25.070447730029898
1230.0421154696141 25.06860688631655
1231.0152344146027 24.9512770086109
1232.0020885738177 24.960656412580697
1233.0182118235277 24.885090003473536
1234.0180817911119 24.929920931298444
1235.0083654995628 24.834040258872363
1236.0384744123808 24.800019156741207
1237.065883222326 25.07640381583945
1238.0765103948936 25.048913498626387
1239.034876962612 24.812836380352387
1240.0039792284774 24.890702131635365
1241.0763580640541 25.004799927060358
1242.035676122273 24.786201468894333
1243.0361751504943 25.048846999721846
1244.0179211395978 25.22478163764842
1245.00019456024 25.224938455762825
1246.017365717707 25.25093198115327
1247.014510822295 25.234248482162737
1248.02176101409 24.93231689603514
1249.0258749762368 24.965054723787503
1250.0182907552817 24.943926873587042
1251.0075361022493 25.07434103562564
1252.0134161237925 25.16084532055771
1253.0955077657877 24.979955561719088
1254.0700465862847 24.925704036957335
1255.0561680656117 25.01828203761591
1256.0579879778418 24.934887100263055
1257.091948156375 24.920343524446423
1258.0128022384197 24.89550565698101
1259.0277173871252 24.687857160500602
1260.021785515381 24.735862640672043
1261.0267793393357 24.94026283456754
1262.0122656188255 25.099056741451747
1263.005986667879 25.142810672760845
1264.0711479463994 24.85094533258593
1265.005387483597 25.108054988584893
1266.00490384346 25.178778539530583
1267.0644327696414 25.01000100040025
1268.0072581859793 25.072992963196796
1269.008547821735 25.072992963196796
1270.0267877909178 24.65498300374412
1271.0043804663123 24.613695774685308
1272.0410371021035 24.780077178033434
1273.0355673076253 25.0551026776416
1274.050703301196 24.95857468809452
1275.0043742549403 24.832905929242333
1276.0873297712765 24.90649024974893
1277.0820354345299 25.22110898790233
1278.018485823238 24.97095769671895
1279.035008331601 25.013997054032327
1280.0152710228829 25.05599186203773
1281.0292579641032 24.9600410390384
1282.0296321195394 24.946082216325795
1283.0863474010482 25.047381355798606
1284.0275863915972 24.86425862477478
1285.0605008145822 24.837694371165487
1286.0128984120913 24.797543737580842
1287.0123068128737 24.90133537037365
1288.0099179170595 24.983470357625286
1289.0282342834128 25.01936150394573
1290.0005671942272 24.964463049842475
1291.0162713595575 25.031224358488906
1292.0444527536467 25.031224358488906
1293.0130694428096 25.109230990921283
1294.0147286473232 24.948451687325512
1295.0028426108609 25.050678372175692
1296.03315323454 25.050678372175692
1297.0176674260288 25.036044392043465
1298.0673921136984 24.99912395361285
1299.0010736083311 24.827996169919892
1300.0181297525787 24.92657439479648
1301.0206632570062 24.91916236896652
1302.0999999999112 24.687706974964275
1303.0177745404358 25.0
1304.0251745355195 25.083272703369463
1305.0071941124463 25.083272703369463
1306.0563431895841 24.44803590915972
1307.0882155027393 24.456296058580598
1308.0676057919486 24.43422713561345
1309.014977872227 24.85676449179749
1310.0308676054722 24.9179787055121
1311.0407716278269 25.010030960744054
1312.0777140302578 24.745882612027152
1313.0143125752513 24.37318834461672
1314.0121139068256 24.835053008494533
1315.0310124313603 24.700635313431608
1316.0248077495653 24.916268666365973
1317.0148206092051 24.828608312874856
1318.005278053592 24.91191674530513
1319.0999999998958 24.75559547644897
1320.01627699319 24.669825740656663
1321.0181794603327 24.889209825831372
1322.0191249200295 24.87363974942447
1323.0203166645688 24.94817499066854
1324.0212441183678 25.227351943348978
1325.0999999998903 25.09923529870029
1326.0099094452119 24.859458179980717
1327.0250372843884 25.034965833924765
1328.0410743989944 25.16885037608511
1329.0002254404083 24.997963768266985
1330.0020756532338 25.046595914001276
1331.0668343593868 24.90558248494736
1332.0200887193162 25.05899949693306
1333.0641058178146 25.020272365296545
1334.0527193548642 24.895187904726853
1335.0395504644694 25.11577628244088
1336.001712358624 25.092295054512462
1337.0672438210297 25.176537523438572
1338.0206087038239 25.193549159142226
1339.0246435835077 25.323680388521478
1340.0590470628226 25.293394857252782
1341.0537980753556 25.23772365058972
1342.0999999998749 25.216928900139763
1343.0402481911274 25.070774650403514
1344.012761468333 25.09903704093216
1345.0169951424855 25.14506916762256
1346.0730532048692 24.888447858204806
1347.0208282627557 25.0
1348.0787120073228 25.07154105017988
1349.0211368225418 25.07154105017988
1350.0122667228034 24.98109389149409
1351.0402446629532 25.10082170269928
1352.0239958892053 25.100976793089202
1353.048055785592 25.19571893555498
1354.005370604598 25.231845810007673
1355.0154698020506 24.8835516819812
1356.0058158261234 25.09036630731702
1357.0231206940223 24.986560100956666
1358.0098049395624 25.184812768238874
1359.0030231937899 25.017854522260386
1360.0245013804465 24.93279673575841
1361.0116370087733 24.86658417281034
1362.0364216350301 24.969856470569006
1363.0999999998558 24.918676977578375
1364.0458486966338 25.029237930840203
1365.0076054079402 25.031666498097934
1366.0128561318575 24.723698297969573
1367.064785286196 24.947653608664886
1368.017234753872 24.75250491340135
1369.0999999998503 24.823234696625978
1370.0387685559622 25.025696680466595
1371.0012001371515 24.8334546273157
1372.0284374069424 24.87417953188276
1373.0116927023303 25.13920102822951
1374.000351021489 25.045562556162626
1375.0501371150358 24.975444608565496
1376.0279219835738 24.975444608565496
1377.0026401790096 24.90906984110593
1378.0171468369745 24.94950686189223
1379.0091157595152 25.01657324849711
1380.0183265635944 25.143005190569667
1381.0453978926398 25.01405964759336
1382.0256029985128 24.77684695024107
1383.0110759661256 24.817663242373957
1384.005012117279 25.040016025669082
1385.0411061710065 24.72470354881746
1386.075472592047 24.708916078264494
1387.0018779978807 25.048251861826927
1388.0220600832786 24.777999458916483
1389.0229603013315 24.898508460397558
1390.0065914114655 24.890137500972546
1391.0183413271875 25.117987551927772
1392.0200742218508 25.189755676685355
1393.0365007881771 25.074510046088598
1394.0017222405172 25.121646781807684
1395.0138735085122 25.166125608878712
1396.0645089105467 25.0394756323274
1397.010208638566 24.96672139045887
1398.0018193229735 24.822411355875108
1399.0319298259608 25.23849885026258
1400.015848911641 25.016059351330235
1401.03645357448 24.980266131169586
1402.021779024103 24.875824925814282
1403.002446137032 25.141907241467205
1404.0614296602344 24.845993382918884
1405.0729515904673 25.039229735743344
1406.01039837428 25.06979238382706
1407.0999999998157 24.75263517428819
1408.0162868355733 24.889913191634697
1409.0009865855518 24.854104703260827
1410.035432067604 25.02831249523683
1411.075638944386 24.845352968000004
1412.0106954810526 25.04049999015737
1413.026005612223 24.820175227473666
1414.0781279077682 25.005453715763103
1415.0244891033892 24.925206191412613
1416.0333501021219 24.694912743595346
1417.0455353713965 24.744228379928437
1418.0561037555947 24.925098170097495
1419.0066099438675 24.94734901551076
1420.0059736904088 24.878381811513833
1421.099999999803 24.896668039484403
1422.099999999802 25.0034551317807
1423.0239662988934 24.791179785975828
1424.0058265510606 25.232629225553737
1425.0052363982156 25.066658655819616
1426.0613597122272 25.072199790496796
1427.0334101815008 25.020868451728617
1428.0658652337843 25.066991710196117
1429.011120933007 24.92186808934294
1430.0999999997948 25.099271206864476
1431.0023694423464 25.191424064862275
1432.0690420541027 24.841469790249345
1433.0096937852234 24.966268837515038
1434.050567624832 24.82907121028743
1435.0514067692984 24.712785307517457
1436.012483135581 24.570195379117653
1437.0999999997885 24.741954705657456
1438.0009340714246 24.733180379329745
1439.0334800915975 24.503453946349776
1440.0641730610707 24.468318509773056
1441.091520979632 24.72937297129607
1442.0296054212413 24.72937297129607
1443.0003469510316 24.91823268379865
1444.0051254576979 25.078284152203555
1445.0003081133345 24.919955990773516
1446.0063776443753 24.8799983070239
1447.0082935297605 24.725549525111518
1448.0017425529807 25.02461843583936
1449.0483833367105 24.954970202007303
1450.0044262383908 24.96761414264784
1451.0076730667372 24.79226304669823
1452.0290785139427 24.677637198302804
1453.0465459112763 24.88530014504596
1454.0428618242136 24.952905270566916
1455.010517574341 24.99434142152924
1456.0046687239792 24.980013798089175
1457.0009173924145 24.83513108354762
1458.0440248883613 24.80135855663464
1459.0395226360984 25.23440705726025
1460.0186553575527 25.13685878167596
1461.0921071458606 25.10737552703984
1462.0340609093623 25.28938382618026
1463.0483501388953 25.121295269898184
1464.0192721146932 25.040368678985622
1465.0097954784999 24.99189324421193
1466.0936999528503 24.879478148760363
1467.010085530742 25.034630783206893
1468.00739722503 24.92341785402097
1469.0156123517525 24.84724458493676
1470.033212591784 24.86872120885655
1471.0097828615064 24.924739801664618
1472.0577789453193 24.768118876257482
1473.0686328684087 24.748333621251
1474.0154543255817 24.94121160917923
1475.0168166366914 25.055429051808456
1476.001695378046 25.012974213109583
1477.0124646958527 25.012974213109583
1478.085457631972 25.099423824936398
1479.014688419466 25.109718163361485
1480.0547501604626 25.104937354243038
1481.002356576193 24.983192909254683
1482.0424728073374 24.957879807579875
1483.0999999997466 24.98457980833367
1484.0035389859283 25.152616882191783
1485.0343430602613 24.90488426749538
1486.0402113047924 24.73177799647948
1487.0577254058508 24.819247525570713
1488.0112592562343 24.903248702386687
1489.0497038473839 24.68360308638066
1490.0495782390014 24.68437479035325
1491.0884421273165 25.005070019247935
1492.0340217065295 24.879773014479376
1493.0186734607423 24.818743632731998
1494.0353947581755 24.794633306541996
1495.0326734588493 24.867911348654548
1496.011255377839 24.806706857903375
1497.028235154459 24.991148553837828
1498.016973067713 24.896223091036973
1499.003677660637 25.005731148764376
1500.0443564869686 24.966987994756003
#####################################################################
# End of data export. Simulation finished at: 2024-06-03T09:49+0000 #
#####################################################################
