#####################################################################
# Alchemist log file - simulation started at: 2024-06-03T17:10+0000 #
#####################################################################
#
# agentFrequency = 1.0, speed = 1.0, variance = 0.9999999999999999, numberOfDrones = 16, seed = 87.0
#
# The columns have the following meaning: 
# time error 
0.0 1093.9324533901706
0.0 1093.9324533901706
1.0 1043.9828371188935
2.0 1031.9149692605758
3.0 1048.9062271957787
4.0 1097.8974851309815
5.0 1178.8887430661841
6.0 1181.5185286162605
7.0 1181.5185286162605
8.0 1181.5185286162605
9.0 1181.5185286162605
10.0 1181.5185286162605
11.0 1185.0046190185167
12.0 1185.0046190185167
13.0 1185.0046190185167
14.0 1187.866466336526
15.0 1190.0925559043103
16.0 1190.9418691109893
17.0 1194.745524709928
18.0 1195.22595601427
19.0 1195.22595601427
20.0 1196.3545240375843
21.0 1177.7648695350863
22.0 1163.175215032588
23.0 1155.4682412425834
24.0 1147.9565542664348
25.0 1147.2829943525837
26.0 1150.7690168741342
27.0 1150.7690168741342
28.0 1149.5561150519816
29.0 1152.2190305828685
30.0 1144.7946387968682
31.0 1134.8871435461313
32.0 1131.378135970779
33.0 1124.9103679097461
34.0 1117.084543524634
35.0 1115.0473124492478
36.0 1115.8773325611119
37.0 1119.5223705498959
38.0 1128.772505571547
39.0 1129.390940493905
40.0 1129.181428546045
41.0 1126.9875685861784
42.0 1125.6336798510038
43.0 1125.6336798510038
44.0 1129.8524580738774
45.0 1130.4536437551344
46.0 1129.89027044724
47.0 1134.216302964931
48.0 1134.216302964931
49.0 1134.2552449288
50.0 1142.143608173169
51.0 1149.728373069778
52.0 1149.728373069778
53.0 1154.2431387387783
54.0 1154.2431387387783
55.0 1154.2431387387783
56.0 1158.9191163602677
57.0 1157.7385590608012
58.0 1145.083106938409
59.0 1140.418614356352
60.0 1133.072324002024
61.0 1128.371093758695
62.0 1133.258065036632
63.0 1133.258065036632
64.0 1133.258065036632
65.0 1138.3266304935778
66.0 1138.3266304935778
67.0 1138.3266304935778
68.0 1140.5619004817672
69.0 1140.5619004817672
70.0 1140.5619004817672
71.0 1145.9124550017386
72.0 1145.9124550017386
73.0 1145.9124550017386
74.0 1151.4306524404124
75.0 1152.466029244698
76.0 1152.4943798960928
77.0 1158.248252933995
78.0 1158.248252933995
79.0 1158.663563110913
80.0 1162.6813220153972
81.0 1162.6813220153972
82.0 1162.6813220153972
83.0 1169.2494759316412
84.0 1170.397395977156
85.0 1169.496082404913
86.0 1175.6600304473866
87.0 1175.6600304473866
88.0 1175.6600304473866
89.0 1181.9649102076298
90.0 1179.1147876646853
91.0 1176.895479098394
92.0 1182.1892883384965
93.0 1178.5739910411987
94.0 1171.8159352012372
95.0 1173.92267685755
96.0 1169.8747153223558
97.0 1169.3569757610926
98.0 1173.861656380662
99.0 1175.552078285619
100.0 1175.552078285619
101.0 1182.0596553065016
102.0 1181.3438588951549
103.0 1180.3496984551484
104.0 1187.744821977172
105.0 1187.5119661991812
106.0 1185.9046690656103
107.0 1193.7110351778344
108.0 1192.5931759622586
109.0 1192.5931759622586
110.0 1200.4453819948453
111.0 1199.7810517760884
112.0 1200.0836294307837
113.0 1208.010887988653
114.0 1208.010887988653
115.0 1205.0211982826618
116.0 1212.4641119805656
117.0 1210.1057966020646
118.0 1210.1057966020646
119.0 1217.96908502399
120.0 1217.96908502399
121.0 1216.2690432477507
122.0 1222.8277559095343
123.0 1220.8145920606862
124.0 1220.8145920606862
125.0 1228.3506962142585
126.0 1228.3518110605173
127.0 1228.3518110605173
128.0 1236.3154494797984
129.0 1236.3154494797984
130.0 1235.3934153432554
131.0 1243.36490370407
132.0 1240.1815362171242
133.0 1239.4448706958174
134.0 1245.9789883486937
135.0 1243.126943574323
136.0 1242.7758435092778
137.0 1250.6482222590396
138.0 1250.6482222590396
139.0 1250.6482222590396
140.0 1258.5430459176337
141.0 1257.5016646745871
142.0 1255.2666017619697
143.0 1263.1245720342836
144.0 1263.1245720342836
145.0 1263.1245720342836
146.0 1276.9705080212034
147.0 1273.2286244953336
148.0 1271.9577364207414
149.0 1279.909603036217
150.0 1279.909603036217
151.0 1279.909603036217
152.0 1286.6208157829221
153.0 1284.3645801086789
154.0 1284.3645801086789
155.0 1292.2762820891153
156.0 1292.2762820891153
157.0 1290.1294831676785
158.0 1297.1860689491684
159.0 1295.5260912067372
160.0 1292.3350754066098
161.0 1296.4669746407367
162.0 1299.8810674210254
163.0 1303.7626633130928
164.0 1308.7223168142812
165.0 1308.7223168142812
166.0 1308.7223168142812
167.0 1317.1741975995094
168.0 1317.1741975995094
169.0 1314.7248528694024
170.0 1323.1776086377563
171.0 1320.834178543635
172.0 1320.3396999571714
173.0 1328.6972495255914
174.0 1327.8632993290385
175.0 1326.4845842541206
176.0 1333.4661192855187
177.0 1331.2259683214086
178.0 1331.2259683214086
179.0 1337.1614406879442
180.0 1337.1614406879442
181.0 1337.1614406879442
182.0 1342.1658736796767
183.0 1332.7581832959809
184.0 1330.0246685549755
185.0 1336.766407306877
186.0 1336.766407306877
187.0 1335.5311847734272
188.0 1342.5487818871443
189.0 1340.2665840331376
190.0 1340.2665840331376
191.0 1348.0335982544696
192.0 1345.247381742963
193.0 1342.890369105361
194.0 1349.7639824796495
195.0 1349.33575647201
196.0 1349.33575647201
197.0 1356.8966616261373
198.0 1355.4866214310896
199.0 1357.2052666981886
200.0 1371.0364623059438
201.0 1369.5644720527162
202.0 1369.5644720527162
203.0 1375.570551534369
204.0 1373.2758547706756
205.0 1370.9210932563178
206.0 1376.5614577260847
207.0 1376.5614577260847
208.0 1376.5614577260847
209.0 1379.9625094957435
210.0 1379.9625094957435
211.0 1379.9625094957435
212.0 1372.110176756535
213.0 1354.8426422213686
214.0 1337.7409134458574
215.0 1333.959343443074
216.0 1321.981114201932
217.0 1312.7814632244852
218.0 1315.346403212246
219.0 1313.1694019268787
220.0 1313.1694019268787
221.0 1318.2547344764496
222.0 1316.6828779136365
223.0 1315.924700895575
224.0 1325.2783430175507
225.0 1324.1472495031271
226.0 1324.1472495031271
227.0 1332.7040762616543
228.0 1332.2249630161962
229.0 1329.6869003311183
230.0 1333.9635248913937
231.0 1331.4371185586106
232.0 1331.4371185586106
233.0 1339.6569081710609
234.0 1339.6569081710609
235.0 1335.8856458217413
236.0 1343.9359149041743
237.0 1342.8726544576816
238.0 1341.3120495516928
239.0 1346.9542042091534
240.0 1345.6158404168973
241.0 1341.7828361097081
242.0 1347.564509519151
243.0 1347.564509519151
244.0 1347.9967887625646
245.0 1352.7960834849962
246.0 1350.9873291040278
247.0 1350.291827155283
248.0 1357.740766811469
249.0 1363.5992712547072
250.0 1372.0627507224392
251.0 1377.5885547161786
252.0 1376.1632454356686
253.0 1375.358740866935
254.0 1381.1222280165807
255.0 1376.9101293193862
256.0 1376.9101293193862
257.0 1381.225240382692
258.0 1381.225240382692
259.0 1381.225240382692
260.0 1385.0066218307545
261.0 1385.0066218307545
262.0 1380.4781909950964
263.0 1386.747126715632
264.0 1384.4241398272986
265.0 1378.5935847583025
266.0 1384.6469538348952
267.0 1384.6469538348952
268.0 1383.771008360647
269.0 1387.1181566908858
270.0 1385.515158760073
271.0 1384.6092416403403
272.0 1390.308284007291
273.0 1390.308284007291
274.0 1390.308284007291
275.0 1407.357387808201
276.0 1408.6990021280092
277.0 1410.6268777901025
278.0 1408.7851808254406
279.0 1417.3965392349749
280.0 1429.9400584938508
281.0 1440.5060728546182
282.0 1440.5397619557152
283.0 1439.1749969607063
284.0 1443.6700713646119
285.0 1443.6700713646119
286.0 1443.6700713646119
287.0 1447.9074805579132
288.0 1446.5513018350036
289.0 1446.5513018350036
290.0 1443.8587520178428
291.0 1434.3702256728532
292.0 1426.881699327864
293.0 1426.1819764030754
294.0 1422.9943138357103
295.0 1422.8557974525895
296.0 1427.710268604607
297.0 1427.710268604607
298.0 1428.9430315438508
299.0 1433.4909513777384
300.0 1433.4909513777384
301.0 1433.4909513777384
302.0 1437.7752163422022
303.0 1437.7752163422022
304.0 1437.7752163422022
305.0 1441.791598384967
306.0 1439.7316135583155
307.0 1438.5648795163936
308.0 1442.2912502288236
309.0 1441.1298808256095
310.0 1441.1298808256095
311.0 1444.6220796856735
312.0 1444.6220796856735
313.0 1444.6220796856735
314.0 1447.611298781252
315.0 1447.611298781252
316.0 1446.4662112788637
317.0 1449.2386227060442
318.0 1449.2386227060442
319.0 1449.2386227060442
320.0 1449.9630124481787
321.0 1447.89789828216
322.0 1447.89789828216
323.0 1449.3880690885333
324.0 1447.3595407506368
325.0 1447.3595407506368
326.0 1449.7277867904643
327.0 1449.7277867904643
328.0 1449.7277867904643
329.0 1447.2843291816891
330.0 1446.0990318206075
331.0 1445.6514729082958
332.0 1447.4990483376573
333.0 1443.721872820193
334.0 1443.2151309802466
335.0 1444.8277008146495
336.0 1441.1177811257917
337.0 1441.1177811257917
338.0 1442.4166011374618
339.0 1442.4166011374618
340.0 1442.4166011374618
341.0 1437.665724422685
342.0 1427.6307197372953
343.0 1419.0132972576353
344.0 1413.7424704463338
345.0 1409.1485468639405
346.0 1409.1485468639405
347.0 1410.7272547249615
348.0 1410.1795289420368
349.0 1410.1795289420368
350.0 1411.4802661677718
351.0 1411.4802661677718
352.0 1411.4802661677718
353.0 1412.52275872541
354.0 1412.52275872541
355.0 1411.9501926704493
356.0 1402.706595327135
357.0 1391.273993037665
358.0 1379.7695810818154
359.0 1379.015823602327
360.0 1378.4189823288993
361.0 1376.6585208681056
362.0 1376.1563103570386
363.0 1376.1563103570386
364.0 1376.1563103570386
365.0 1375.420696392077
366.0 1375.420696392077
367.0 1367.5315966157702
368.0 1354.7583978279745
369.0 1345.7872446480578
370.0 1345.7872446480578
371.0 1343.5096965847335
372.0 1343.1215066533207
373.0 1343.1215066533207
374.0 1341.3801750394962
375.0 1340.380831138233
376.0 1340.380831138233
377.0 1338.4819538392849
378.0 1336.4049931754446
379.0 1335.485239895823
380.0 1333.5725732826634
381.0 1333.7068730641593
382.0 1332.0173086955297
383.0 1329.9490077429389
384.0 1329.9490077429389
385.0 1330.6121148864058
386.0 1328.3894018649241
387.0 1328.3894018649241
388.0 1327.4155472246043
389.0 1325.0440564418784
390.0 1325.7261944792974
391.0 1325.7261944792974
392.0 1323.2036674690135
393.0 1319.2971030484696
394.0 1316.7279716341518
395.0 1314.1667325835915
396.0 1314.5981463390458
397.0 1314.5981463390458
398.0 1312.635844765247
399.0 1312.2569423245707
400.0 1312.2569423245707
401.0 1309.4892976206852
402.0 1314.3247016108594
403.0 1316.0947013297352
404.0 1313.5431417285508
405.0 1314.3045443181427
406.0 1314.3045443181427
407.0 1310.4621987504006
408.0 1309.8479467763298
409.0 1310.1749128528222
410.0 1316.4885894215001
411.0 1334.7238486386495
412.0 1340.249665653659
413.0 1336.346506979145
414.0 1336.346506979145
415.0 1336.346506979145
416.0 1332.2557671883167
417.0 1332.177759926041
418.0 1326.7838922616932
419.0 1306.377380838322
420.0 1306.5232907027084
421.0 1306.5232907027084
422.0 1311.874625505026
423.0 1327.044726200994
424.0 1343.673917111914
425.0 1340.9674560331882
426.0 1340.9674560331882
427.0 1339.2939884614243
428.0 1335.6264832269694
429.0 1339.3088467816967
430.0 1353.7500958944959
431.0 1350.3298402540913
432.0 1348.4010076764791
433.0 1347.8974895958547
434.0 1344.7729518412073
435.0 1345.128059406188
436.0 1345.128059406188
437.0 1340.1931675810433
438.0 1340.1931675810433
439.0 1340.5586053514185
440.0 1336.575515619074
441.0 1334.2236841264837
442.0 1334.2236841264837
443.0 1330.4447756873028
444.0 1330.4447756873028
445.0 1330.4447756873028
446.0 1327.1727945339119
447.0 1327.1727945339119
448.0 1327.1727945339119
449.0 1323.1229669304735
450.0 1324.1371690524556
451.0 1337.6149617155136
452.0 1348.9682868407597
453.0 1359.4909472662275
454.0 1350.633100690291
455.0 1332.2548424551048
456.0 1331.1327466281527
457.0 1332.1537686083698
458.0 1327.3258477644092
459.0 1327.3258477644092
460.0 1327.3258477644092
461.0 1321.468356528804
462.0 1321.468356528804
463.0 1323.020669181217
464.0 1318.0538809258505
465.0 1315.1773871717014
466.0 1314.757555157607
467.0 1310.2787841610673
468.0 1310.2787841610673
469.0 1309.8571285378857
470.0 1304.7862394003273
471.0 1303.181744302816
472.0 1305.0607703171377
473.0 1302.1422267852622
474.0 1310.7159608354648
475.0 1321.2896948856676
476.0 1329.334206665805
477.0 1341.7328391959825
478.0 1348.0624589589947
479.0 1340.4287443213045
480.0 1340.0523661716
481.0 1339.632570904186
482.0 1334.8728186724386
483.0 1330.5596046695202
484.0 1324.4723721135135
485.0 1316.1803089450143
486.0 1311.5558702774242
487.0 1311.109772992164
488.0 1306.239433773473
489.0 1303.7996334587576
490.0 1303.7996334587576
491.0 1298.2036509247941
492.0 1290.8291760187774
493.0 1285.3073681879023
494.0 1280.1730363868917
495.0 1279.9196216354642
496.0 1277.4653501068674
497.0 1271.6600986454002
498.0 1271.2487068017078
499.0 1273.578057950778
500.0 1268.863659597207
501.0 1266.5136833640772
502.0 1267.247999934816
503.0 1266.1449635723511
504.0 1265.0616353671835
505.0 1264.8203940347016
506.0 1259.9750378615606
507.0 1257.4991020053246
508.0 1258.102760995348
509.0 1253.5828825192616
510.0 1255.9353129308704
511.0 1253.300065867645
512.0 1248.3867534141843
513.0 1248.1990997037547
514.0 1248.1990997037547
515.0 1243.6782312479074
516.0 1243.6782312479074
517.0 1240.275429272764
518.0 1235.7362145756579
519.0 1235.7362145756579
520.0 1235.7362145756579
521.0 1233.492398312009
522.0 1231.2309228613924
523.0 1217.8407749097028
524.0 1208.253893725259
525.0 1208.253893725259
526.0 1208.253893725259
527.0 1204.0419487483728
528.0 1204.5296194411394
529.0 1204.64707979009
530.0 1199.7246325960712
531.0 1199.7246325960712
532.0 1208.140748405143
533.0 1213.1047983312785
534.0 1219.477075174467
535.0 1219.7873363514252
536.0 1215.4827028994778
537.0 1215.4657401775312
538.0 1215.4657401775312
539.0 1210.9497786826355
540.0 1209.5160150379418
541.0 1194.9154225665804
542.0 1168.1049797011422
543.0 1147.8662127314797
544.0 1129.598393148604
545.0 1105.7098698292411
546.0 1097.4574777249884
547.0 1097.4574777249884
548.0 1092.1175651654537
549.0 1092.1175651654537
550.0 1092.1175651654537
551.0 1087.969231507855
552.0 1088.3949575559832
553.0 1090.9148546808656
554.0 1085.712768509959
555.0 1085.1878621341157
556.0 1084.674190464114
557.0 1077.21886477814
558.0 1077.21886477814
559.0 1077.21886477814
560.0 1071.2721753837784
561.0 1072.2696596511364
562.0 1074.2715351738339
563.0 1069.5660120450789
564.0 1069.5660120450789
565.0 1069.5660120450789
566.0 1062.1950093085811
567.0 1059.9027244864174
568.0 1059.9027244864174
569.0 1055.1773387874018
570.0 1055.7206188431833
571.0 1055.7206188431833
572.0 1058.8642613279144
573.0 1074.6321142963234
574.0 1089.5248735552161
575.0 1083.976364508534
576.0 1084.5484467381414
577.0 1084.5484467381414
578.0 1076.2735528884418
579.0 1076.2735528884418
580.0 1076.2735528884418
581.0 1068.4871669790994
582.0 1068.6376210127783
583.0 1068.7324545682845
584.0 1063.217740025931
585.0 1052.109954246751
586.0 1044.1861797704055
587.0 1033.599841067313
588.0 1029.9603147034757
589.0 1028.3207883396385
590.0 1024.2698580210895
591.0 1022.0165881786587
592.0 1022.0165881786587
593.0 1018.0580071516495
594.0 1018.0580071516495
595.0 1018.0580071516495
596.0 1014.273574263649
597.0 1014.4313040619262
598.0 1014.8014958031921
599.0 1010.8480435789232
600.0 1010.8480435789232
601.0 1008.019598449927
602.0 1004.3165765891579
603.0 1004.5249793054048
604.0 1004.7942549625468
605.0 998.1478430259114
606.0 998.1478430259114
607.0 998.2831567484094
608.0 994.1123406655296
609.0 993.1397089919957
610.0 993.1397089919957
611.0 989.2164376527568
612.0 989.2164376527568
613.0 989.2776706636777
614.0 982.895066717107
615.0 982.895066717107
616.0 982.895066717107
617.0 979.2766220340676
618.0 979.2766220340676
619.0 979.2766220340676
620.0 975.8173904436102
621.0 975.7243128790567
622.0 974.9278620328071
623.0 971.4289822535641
624.0 971.4289822535641
625.0 971.4289822535641
626.0 967.3506473828961
627.0 967.3512086153632
628.0 967.3512086153632
629.0 964.0626292556072
630.0 964.0626292556072
631.0 964.0626292556072
632.0 960.9762327284042
633.0 960.9762327284042
634.0 958.3224000365393
635.0 954.2881777134619
636.0 957.4812450669772
637.0 964.9729152159707
638.0 972.9464526396259
639.0 979.8594927608076
640.0 981.5538794985057
641.0 979.0029333769297
642.0 978.8348313318257
643.0 978.8348313318257
644.0 970.7120153803589
645.0 966.0890051580343
646.0 962.3917076510229
647.0 962.7950164544334
648.0 963.3208375771445
649.0 967.2211752530493
650.0 974.2219213476995
651.0 978.0877196194853
652.0 986.4277017251623
653.0 989.9059991332224
654.0 989.9059991332224
655.0 988.68648545324
656.0 987.7419020671484
657.0 987.7239752738578
658.0 986.4457473631544
659.0 985.6638318798024
660.0 985.6638318798024
661.0 985.6638318798024
662.0 986.8507539176804
663.0 984.9843173957229
664.0 985.0017604716791
665.0 986.2115763418689
666.0 986.2115763418689
667.0 986.7906776581768
668.0 988.0525079331111
669.0 986.7897772169451
670.0 985.0384006254127
671.0 986.3205825802072
672.0 986.3205825802072
673.0 986.3552135867359
674.0 987.6764080847933
675.0 987.6764080847933
676.0 987.6764080847933
677.0 989.053475991118
678.0 987.8586404345391
679.0 987.2775994236966
680.0 988.6617970420152
681.0 988.6617970420152
682.0 988.6617970420152
683.0 990.6420528109601
684.0 990.6420528109601
685.0 990.6420528109601
686.0 992.1364142063711
687.0 992.1399485175259
688.0 992.9264230914399
689.0 999.9461224295889
690.0 1004.0524990207895
691.0 1004.0524990207895
692.0 1005.4253563862603
693.0 1003.7490586837146
694.0 1003.2798282685997
695.0 1005.4530641357404
696.0 1003.6677491058866
697.0 1003.6677491058866
698.0 1005.8941767031035
699.0 1003.2746724351618
700.0 1002.855664304491
701.0 1005.047167851661
702.0 1008.907789792145
703.0 1011.0135356223798
704.0 1013.5582462028059
705.0 1013.5582462028059
706.0 1014.1214902976125
707.0 1016.7302122508995
708.0 1015.0537130684854
709.0 1015.0537130684854
710.0 1016.9090002571104
711.0 1016.9090002571104
712.0 1016.9090002571104
713.0 1019.5931964368137
714.0 1016.5918690258305
715.0 1016.9228795695608
716.0 1018.2505577833498
717.0 1017.7407556436832
718.0 1017.7407556436832
719.0 1020.0046236167383
720.0 1019.4404181664951
721.0 1017.8793512078738
722.0 1021.1726485893338
723.0 1019.6700875619467
724.0 1016.8712555363061
725.0 1025.0457072024121
726.0 1037.3585002161171
727.0 1037.3585002161171
728.0 1040.7132063647073
729.0 1040.7132063647073
730.0 1040.7132063647073
731.0 1044.2934858891476
732.0 1046.7097524715978
733.0 1046.7097524715978
734.0 1048.019878817524
735.0 1048.019878817524
736.0 1048.5276747135144
737.0 1051.370451353167
738.0 1051.6675071446577
739.0 1051.8460109751945
740.0 1050.9615627978726
741.0 1049.5018514000542
742.0 1049.5018514000542
743.0 1054.8486809522915
744.0 1059.6050433777834
745.0 1062.7884850273572
746.0 1066.7624077087955
747.0 1065.3403909288265
748.0 1064.1787783047594
749.0 1067.5222843956637
750.0 1067.5222843956637
751.0 1067.5222843956637
752.0 1071.5731735411673
753.0 1065.9332166185957
754.0 1059.576135300636
755.0 1057.1857861004225
756.0 1058.844364904569
757.0 1061.8568076206332
758.0 1066.9022344229409
759.0 1066.9022344229409
760.0 1064.9865735021108
761.0 1068.100643545192
762.0 1068.100643545192
763.0 1068.100643545192
764.0 1072.3753243538515
765.0 1072.3753243538515
766.0 1072.3753243538515
767.0 1076.6646744997836
768.0 1074.6929784338877
769.0 1074.6929784338877
770.0 1076.6593050108227
771.0 1076.6593050108227
772.0 1075.3718706920376
773.0 1079.5806267417656
774.0 1077.5908115580662
775.0 1077.5908115580662
776.0 1081.7720559787695
777.0 1081.7720559787695
778.0 1080.435359146457
779.0 1084.572864965143
780.0 1084.572864965143
781.0 1081.0240996130676
782.0 1085.1659719117965
783.0 1085.1659719117965
784.0 1083.7813317243488
785.0 1087.875315145087
786.0 1087.875315145087
787.0 1087.875315145087
788.0 1095.4446897821188
789.0 1101.596491663033
790.0 1106.0969210857518
791.0 1110.2677136973607
792.0 1110.2677136973607
793.0 1105.3128742638
794.0 1098.4448377069164
795.0 1089.447387596087
796.0 1088.924342800428
797.0 1094.2274625326074
798.0 1094.2274625326074
799.0 1094.2274625326074
800.0 1098.4898473582984
801.0 1099.5093297147207
802.0 1104.2076042361275
803.0 1115.015905909553
804.0 1123.658050454834
805.0 1134.300195000115
806.0 1118.7677171897924
807.0 1101.3065431077553
808.0 1085.8453690257181
809.0 1075.4290569875498
810.0 1062.9651408448833
811.0 1052.501224702217
812.0 1048.267648267217
813.0 1042.110312809545
814.0 1037.9529773518725
815.0 1041.0554742294757
816.0 1041.0554742294757
817.0 1041.0554742294757
818.0 1046.0801597463355
819.0 1046.0801597463355
820.0 1047.0482071453666
821.0 1052.6361366233607
822.0 1052.6361366233607
823.0 1052.176885612703
824.0 1056.9337576156536
825.0 1056.9337576156536
826.0 1056.9337576156536
827.0 1063.5594498767819
828.0 1062.9062569942334
829.0 1062.9062569942334
830.0 1067.8851403636697
831.0 1067.8851403636697
832.0 1065.5417844594356
833.0 1070.422963980709
834.0 1070.422963980709
835.0 1072.1864159341262
836.0 1076.4927738394115
837.0 1076.4927738394115
838.0 1076.4927738394115
839.0 1081.3198329884142
840.0 1081.3198329884142
841.0 1080.7207985647058
842.0 1088.8585409202035
843.0 1101.5185938280174
844.0 1117.0859378780785
845.0 1138.048532642297
846.0 1138.048532642297
847.0 1138.048532642297
848.0 1140.3220657014435
849.0 1140.3220657014435
850.0 1139.4802566217372
851.0 1143.6946230283045
852.0 1143.6946230283045
853.0 1143.6946230283045
854.0 1147.7892064989742
855.0 1147.7892064989742
856.0 1147.7892064989742
857.0 1151.759966174204
858.0 1151.026942344068
859.0 1148.47894268286
860.0 1152.3427986564025
861.0 1158.3453716681497
862.0 1166.165946157899
863.0 1169.9369607120086
864.0 1172.00191267555
865.0 1170.831201170044
866.0 1174.600785947219
867.0 1172.032272511469
868.0 1172.032272511469
869.0 1175.2087957725691
870.0 1175.2087957725691
871.0 1175.2087957725691
872.0 1181.0821392463627
873.0 1181.0821392463627
874.0 1177.9660212508697
875.0 1183.5648645801791
876.0 1183.946677909906
877.0 1184.826940225654
878.0 1190.2526844208626
879.0 1194.5005358180456
880.0 1197.566248914645
881.0 1201.5993707648126
882.0 1201.3460788700556
883.0 1204.0371040708683
884.0 1226.7190565507635
885.0 1230.6057107918664
886.0 1230.6057107918664
887.0 1234.377788785704
888.0 1233.7187989575677
889.0 1233.7187989575677
890.0 1234.9296086270163
891.0 1234.9296086270163
892.0 1234.5268525102672
893.0 1238.358518911495
894.0 1240.7184053229255
895.0 1258.2082508732356
896.0 1261.1387771647237
897.0 1261.437558891233
898.0 1264.2977994109874
899.0 1267.1592147949168
900.0 1269.125619076096
901.0 1270.2568730600988
902.0 1272.1171007521966
903.0 1271.9658831064135
904.0 1271.9658831064135
905.0 1274.5402881547304
906.0 1280.7273144281403
907.0 1281.0045465179558
908.0 1289.4518268485328
909.0 1286.8562054817255
910.0 1284.2163008978587
911.0 1286.5220495746519
912.0 1286.5220495746519
913.0 1286.4671533002545
914.0 1281.2234062451678
915.0 1281.2234062451678
916.0 1279.1334340895426
917.0 1284.5866814622602
918.0 1284.5866814622602
919.0 1284.5866814622602
920.0 1286.6404618367014
921.0 1286.529973284961
922.0 1284.722877273071
923.0 1286.6661689853627
924.0 1285.5204943158171
925.0 1286.3024082978573
926.0 1291.4745660448607
927.0 1296.3008357508324
928.0 1296.3008357508324
929.0 1299.2910449237797
930.0 1301.0320702513798
931.0 1301.7429731113668
932.0 1303.4798475356113
933.0 1304.327282630755
934.0 1304.327282630755
935.0 1306.255778877219
936.0 1309.63007987606
937.0 1309.63007987606
938.0 1311.4282729673882
939.0 1310.6794184230077
940.0 1311.1881231201482
941.0 1312.1624015712755
942.0 1312.1624015712755
943.0 1312.1624015712755
944.0 1312.430065172874
945.0 1309.9853791487712
946.0 1309.9853791487712
947.0 1310.6877596442546
948.0 1311.6557037796802
949.0 1315.1355561379069
950.0 1317.432988668259
951.0 1321.049100583876
952.0 1335.5800500544588
953.0 1339.0364881635392
954.0 1343.2856915846849
955.0 1343.2856915846849
956.0 1344.0709695074072
957.0 1344.0709695074072
958.0 1344.0709695074072
959.0 1344.6123003954074
960.0 1344.6123003954074
961.0 1344.6123003954074
962.0 1344.4417305993297
963.0 1342.8411934999879
964.0 1342.8411934999879
965.0 1339.923817083576
966.0 1337.8257822512978
967.0 1338.4971864950694
968.0 1336.8090611074315
969.0 1336.4310732499962
970.0 1336.4310732499962
971.0 1336.348495919156
972.0 1336.348495919156
973.0 1336.1317828046863
974.0 1335.7391463803476
975.0 1335.7391463803476
976.0 1335.7391463803476
977.0 1335.2187812087607
978.0 1335.745693596811
979.0 1333.947298915621
980.0 1334.5688792880126
981.0 1338.3266635354703
982.0 1338.3266635354703
983.0 1337.527066052559
984.0 1338.873805424835
985.0 1337.69315853678
986.0 1333.8994704014467
987.0 1313.2294465791751
988.0 1296.6295616689192
989.0 1295.914325500968
990.0 1297.2534077529417
991.0 1296.9947366275808
992.0 1295.5808808712052
993.0 1295.5808808712052
994.0 1295.030812642405
995.0 1295.0556519065879
996.0 1295.0556519065879
997.0 1293.0040215377433
998.0 1288.605430305545
999.0 1284.175800329037
1000.0 1282.2663913905724
1001.0 1278.9956835946182
1002.0 1279.107347779036
1003.0 1279.107347779036
1004.0 1278.8568645855937
1005.0 1264.241382668336
1006.0 1261.2001935941148
1007.0 1259.7757592264509
1008.0 1260.2914937868763
1009.0 1260.2914937868763
1010.0 1258.665999804808
1011.0 1236.0803904085649
1012.0 1227.7720887852322
1013.0 1226.3387794414064
1014.0 1226.3387794414064
1015.0 1226.3387794414064
1016.0 1224.2327655193446
1017.0 1227.169332963918
1018.0 1227.6452656922338
1019.0 1225.337530473517
1020.0 1225.337530473517
1021.0 1225.6696679500274
1022.0 1226.5008771926705
1023.0 1226.5008771926705
1024.0 1229.4523537687187
1025.0 1226.8342260306486
1026.0 1226.8342260306486
1027.0 1226.8342260306486
1028.0 1228.2526779031023
1029.0 1231.3891063696803
1030.0 1237.8401770496334
1031.0 1235.0595328735355
1032.0 1235.0595328735355
1033.0 1233.522801431484
1034.0 1226.7225874073422
1035.0 1225.491027658293
1036.0 1224.8980377496339
1037.0 1220.420096759619
1038.0 1220.935435836199
1039.0 1220.935435836199
1040.0 1215.0168341295612
1041.0 1215.0168341295612
1042.0 1211.9547420247636
1043.0 1206.349349747656
1044.0 1205.901541606603
1045.0 1205.901541606603
1046.0 1198.9974260390766
1047.0 1198.6482047486386
1048.0 1198.6482047486386
1049.0 1193.5600027726089
1050.0 1193.5600027726089
1051.0 1192.7976380202856
1052.0 1187.7346506629467
1053.0 1191.7308806088706
1054.0 1202.5338020911379
1055.0 1205.6616714402035
1056.0 1204.5339691937677
1057.0 1204.5339691937677
1058.0 1199.3132808132523
1059.0 1203.711364382948
1060.0 1214.2449691045692
1061.0 1217.0341101225285
1062.0 1217.0341101225285
1063.0 1217.0341101225285
1064.0 1207.6615264555164
1065.0 1199.4334891093793
1066.0 1198.428796299185
1067.0 1191.8399314402347
1068.0 1190.0472654670991
1069.0 1181.7671748712498
1070.0 1173.3527442806794
1071.0 1173.3527442806794
1072.0 1174.142543998927
1073.0 1167.4851142274747
1074.0 1168.266800153828
1075.0 1168.266800153828
1076.0 1161.4720322454205
1077.0 1161.4720322454205
1078.0 1162.2781935984542
1079.0 1155.335878146809
1080.0 1155.2368184850902
1081.0 1151.8970061189248
1082.0 1142.1141160152797
1083.0 1142.1141160152797
1084.0 1142.1141160152797
1085.0 1134.8058652095945
1086.0 1134.8058652095945
1087.0 1134.8058652095945
1088.0 1124.025114930254
1089.0 1124.025114930254
1090.0 1124.025114930254
1091.0 1114.956422387448
1092.0 1115.6002734148703
1093.0 1115.6002734148703
1094.0 1106.9505205971427
1095.0 1107.238911744539
1096.0 1103.874256678285
1097.0 1096.1174557109957
1098.0 1084.534766704514
1099.0 1080.5250913060624
1100.0 1073.3004260348446
1101.0 1074.9800861098397
1102.0 1074.1712868865854
1103.0 1066.7285715619284
1104.0 1067.8753566487665
1105.0 1067.471307290111
1106.0 1062.8031191960213
1107.0 1062.8031191960213
1108.0 1059.5626801679712
1109.0 1051.1931595220658
1110.0 1051.1931595220658
1111.0 1052.0048955243708
1112.0 1044.805761199072
1113.0 1044.805761199072
1114.0 1034.2755985001788
1115.0 1016.1816859174355
1116.0 1015.2340729719642
1117.0 1016.49679594508
1118.0 1008.1212544345337
1119.0 1008.8242335231989
1120.0 1009.5128823131324
1121.0 1001.1064714093355
1122.0 1001.1064714093355
1123.0 1001.1064714093355
1124.0 992.9302794633076
1125.0 992.9302794633076
1126.0 992.9302794633076
1127.0 984.385954286527
1128.0 985.6993868361566
1129.0 985.6993868361566
1130.0 977.1437733849341
1131.0 977.4591487604763
1132.0 977.3561522858722
1133.0 967.307537865179
1134.0 967.307537865179
1135.0 968.3562905993122
1136.0 959.9798124163331
1137.0 960.3463936061687
1138.0 953.5312892433147
1139.0 937.6720002588596
1140.0 932.1023073355327
1141.0 928.4363639633146
1142.0 919.8644140474476
1143.0 920.0310818749489
1144.0 922.7212076761618
1145.0 911.4595608614766
1146.0 900.9483014902326
1147.0 898.7985257764418
1148.0 892.1300438244466
1149.0 892.1300438244466
1150.0 892.4253838588843
1151.0 883.6406865117838
1152.0 882.3957181096667
1153.0 886.571230937198
1154.0 887.216902573902
1155.0 888.0582228625141
1156.0 888.0582228625141
1157.0 882.892289939064
1158.0 883.2610001752928
1159.0 883.2610001752928
1160.0 876.4677597417048
1161.0 880.1907747522769
1162.0 880.9579605786117
1163.0 870.67386898772
1164.0 870.67386898772
1165.0 871.4645598419313
1166.0 865.0881445034845
1167.0 865.0881445034845
1168.0 867.4911427429809
1169.0 862.373348484813
1170.0 862.187624261177
1171.0 862.8243573483894
1172.0 856.39923908748
1173.0 856.39923908748
1174.0 856.754056863614
1175.0 850.4534005871102
1176.0 845.0829530891743
1177.0 834.3432869142327
1178.0 823.5654512437619
1179.0 820.5030146762693
1180.0 819.4405781087765
1181.0 815.2024300312474
1182.0 815.2024300312474
1183.0 815.6833911043058
1184.0 811.013538003066
1185.0 811.013538003066
1186.0 811.013538003066
1187.0 806.5674316483722
1188.0 808.6170734010304
1189.0 808.6170734010304
1190.0 804.3585473888816
1191.0 804.3585473888816
1192.0 804.2786297378918
1193.0 800.2197709382406
1194.0 800.2197709382406
1195.0 800.0868681568675
1196.0 798.658852629473
1197.0 798.658852629473
1198.0 798.658852629473
1199.0 792.6796003432335
1200.0 792.3614146130714
1201.0 792.3614146130714
1202.0 788.753997312192
1203.0 789.0932785345847
1204.0 789.0932785345847
1205.0 783.496285771073
1206.0 782.8277253735839
1207.0 782.8277253735839
1208.0 777.5654587710501
1209.0 777.5793056227908
1210.0 780.6923157884912
1211.0 777.4107363802242
1212.0 775.570343823422
1213.0 775.570343823422
1214.0 772.4466582551509
1215.0 772.4466582551509
1216.0 772.430433453711
1217.0 768.2906222659805
1218.0 767.631959990527
1219.0 767.631959990527
1220.0 764.8275590267551
1221.0 764.7920115785512
1222.0 762.9974663654955
1223.0 760.3206904733021
1224.0 760.3206904733021
1225.0 761.0120955966149
1226.0 758.4908740117303
1227.0 758.413698732733
1228.0 758.413698732733
1229.0 756.0558409054482
1230.0 755.8459902819998
1231.0 754.6948786487204
1232.0 751.8194209134718
1233.0 756.5164755477886
1234.0 762.958273168707
1235.0 760.8161049755893
1236.0 761.6809735870037
1237.0 759.8840106487535
1238.0 752.0316874839745
1239.0 747.9285629104505
1240.0 746.4587965779782
1241.0 745.633795327746
1242.0 739.7222846233796
1243.0 734.7397658414144
1244.0 731.7406523396714
1245.0 731.5450709241329
1246.0 730.3256694390668
1247.0 730.7869396762017
1248.0 728.9726721699174
1249.0 728.9726721699174
1250.0 729.6633466007739
1251.0 729.6633466007739
1252.0 730.1189231832983
1253.0 731.0328219371274
1254.0 728.5517808211155
1255.0 728.0305827799923
1256.0 730.3092552160676
1257.0 738.6242204831605
1258.0 749.0503304214963
1259.0 762.028663620078
1260.0 774.3987750655762
1261.0 789.3830612687507
1262.0 798.6320948740068
1263.0 804.5819948903084
1264.0 814.9943576794196
1265.0 819.1051455308567
1266.0 819.1051455308567
1267.0 813.8508775136659
1268.0 796.7910395737922
1269.0 780.2945787284762
1270.0 767.0623907293473
1271.0 756.9564182153136
1272.0 742.0973045119201
1273.0 735.0071461459327
1274.0 732.6867371456285
1275.0 734.9345686483855
1276.0 734.2973478739748
1277.0 734.0566668463539
1278.0 733.2003322092069
1279.0 730.1941432093354
1280.0 734.30140801058
1281.0 733.6300588720072
1282.0 733.3759485230851
1283.0 732.6564899714324
1284.0 728.0879820228184
1285.0 727.5185155778282
1286.0 729.9198641772235
1287.0 730.8054883858788
1288.0 728.6559892903502
1289.0 730.7014464418753
1290.0 730.0131078177333
1291.0 730.0131078177333
1292.0 735.9081709135324
1293.0 731.6085135712068
1294.0 732.7012474813154
1295.0 736.4993915804895
1296.0 735.736205306043
1297.0 726.7786025208975
1298.0 732.2598465721246
1299.0 739.7571580054795
1300.0 752.9860455201933
1301.0 764.2560006614518
1302.0 764.2560006614518
1303.0 762.771271768416
1304.0 765.1152397171618
1305.0 764.5657995695378
1306.0 766.1317005136736
1307.0 770.5624506260549
1308.0 770.5624506260549
1309.0 770.5624506260549
1310.0 774.3282987383977
1311.0 772.6909874534481
1312.0 772.6909874534481
1313.0 778.3102476418753
1314.0 779.246080734522
1315.0 776.2802663771324
1316.0 778.9949895954552
1317.0 778.2034642892955
1318.0 778.2034642892955
1319.0 782.5962657677086
1320.0 782.5962657677086
1321.0 781.5905062795746
1322.0 786.158016886742
1323.0 785.4122681377775
1324.0 785.4122681377775
1325.0 786.4082238797888
1326.0 786.4082238797888
1327.0 789.0997936984055
1328.0 783.3981581733003
1329.0 781.5585939060086
1330.0 781.5585939060086
1331.0 786.8943310953853
1332.0 787.3542479778421
1333.0 785.6115765247908
1334.0 791.2376002624973
1335.0 790.9993244210003
1336.0 790.0127773488841
1337.0 798.4363942523811
1338.0 806.5605280647121
1339.0 822.3400389055955
1340.0 848.9189921257992
1341.0 858.5632977695104
1342.0 867.5703244384463
1343.0 877.0778146187243
1344.0 875.9885164124647
1345.0 872.1523121302818
1346.0 880.869072342793
1347.0 880.869072342793
1348.0 879.3530351523633
1349.0 886.3181565009967
1350.0 891.0947841624112
1351.0 891.0947841624112
1352.0 900.0762093744139
1353.0 900.0762093744139
1354.0 902.9055574072712
1355.0 912.608320419208
1356.0 907.4775063520865
1357.0 907.4775063520865
1358.0 914.0717432707401
1359.0 913.5086268697083
1360.0 915.7355914810246
1361.0 925.3390266414812
1362.0 925.6116736285798
1363.0 923.2915585589658
1364.0 932.2297403661889
1365.0 932.2297403661889
1366.0 929.7191881372232
1367.0 934.971975097038
1368.0 938.0296344593451
1369.0 933.8390508530377
1370.0 940.2953758281334
1371.0 940.2953758281334
1372.0 940.8224322959894
1373.0 948.6824545833149
1374.0 948.4002963226669
1375.0 944.9640310393559
1376.0 952.815191921236
1377.0 951.7524484239344
1378.0 951.7524484239344
1379.0 960.882980604659
1380.0 960.882980604659
1381.0 959.8644902787992
1382.0 969.0223816602355
1383.0 971.0413269472531
1384.0 971.1733052371129
1385.0 980.6224360543323
1386.0 980.6224360543323
1387.0 979.1738025964572
1388.0 985.5544296437081
1389.0 984.2914793853865
1390.0 982.7910336399266
1391.0 990.0857023456599
1392.0 973.9229815387839
1393.0 962.8960677153966
1394.0 973.966274242948
1395.0 974.6844641809735
1396.0 974.6844641809735
1397.0 982.4690803831495
1398.0 983.1769475746707
1399.0 983.4133705159381
1400.0 992.7097509519366
1401.0 992.7097509519366
1402.0 993.3558590058082
1403.0 996.2809056151439
1404.0 992.0121095481281
1405.0 992.0121095481281
1406.0 998.307908516448
1407.0 1001.2979889556153
1408.0 1001.2979889556153
1409.0 1011.160137977497
1410.0 1012.338035578899
1411.0 1014.8848574920221
1412.0 1030.8689274099954
1413.0 1032.988813564882
1414.0 1032.2022213598666
1415.0 1041.2094051750826
1416.0 1047.235663775904
1417.0 1047.557421709539
1418.0 1054.5634766625792
1419.0 1051.3608856816134
1420.0 1052.2754263518598
1421.0 1058.7775759702638
1422.0 1058.7775759702638
1423.0 1058.7775759702638
1424.0 1069.8546037719361
1425.0 1070.3893488591898
1426.0 1068.5726354096626
1427.0 1081.4894053377034
1428.0 1080.1778124394154
1429.0 1078.9300017730407
1430.0 1088.6385359774345
1431.0 1089.2078674819609
1432.0 1090.3588951720742
1433.0 1098.9154648149988
1434.0 1098.9154648149988
1435.0 1098.9154648149988
1436.0 1108.0952143188379
1437.0 1108.0952143188379
1438.0 1109.270070077726
1439.0 1117.5848022153823
1440.0 1118.6918704063348
1441.0 1121.075178341866
1442.0 1128.2860013690815
1443.0 1129.6156388801023
1444.0 1133.5100762482139
1445.0 1138.0793207651207
1446.0 1124.3162798921014
1447.0 1097.5073426194215
1448.0 1078.555521210385
1449.0 1056.024024718978
1450.0 1034.0030840124075
1451.0 1019.0908897828821
1452.0 999.926972278632
1453.0 987.4009589692135
1454.0 979.7675657779209
1455.0 969.6892933147865
1456.0 965.5344493082183
1457.0 973.5071251431062
1458.0 975.4589931083284
1459.0 975.4589931083284
1460.0 980.0845136261307
1461.0 980.9011285058466
1462.0 980.9011285058466
1463.0 986.3824072506544
1464.0 989.3142617438401
1465.0 996.54486988411
1466.0 1012.0436883221597
1467.0 1021.0777644124983
1468.0 1023.7989604314294
1469.0 1030.7851393099545
1470.0 1030.7851393099545
1471.0 1030.7851393099545
1472.0 1037.5929900762642
1473.0 1037.5929900762642
1474.0 1038.922277609925
1475.0 1048.9497409691908
1476.0 1046.15381453274
1477.0 1046.53453728428
1478.0 1067.3171652172373
1479.0 1081.9959936251562
1480.0 1098.3085265010357
1481.0 1108.1764498631608
1482.0 1108.1764498631608
1483.0 1108.1764498631608
1484.0 1114.8818686036307
1485.0 1112.7092919948097
1486.0 1111.2673207603789
1487.0 1117.0745375346326
1488.0 1118.6456310954836
1489.0 1118.6456310954836
1490.0 1122.4995570290544
1491.0 1122.4995570290544
1492.0 1119.8814557137778
1493.0 1123.2496812056008
1494.0 1123.2496812056008
1495.0 1124.462063762353
1496.0 1134.9193332721197
1497.0 1138.4693206436534
1498.0 1138.4693206436534
1499.0 1142.0194839212522
1500.0 1142.0194839212522
#####################################################################
# End of data export. Simulation finished at: 2024-06-03T17:10+0000 #
#####################################################################
