#####################################################################
# Alchemist log file - simulation started at: 2024-06-03T17:00+0000 #
#####################################################################
#
# agentFrequency = 2.0, speed = 1.0, variance = 0.6, numberOfDrones = 16, seed = 74.0
#
# The columns have the following meaning: 
# time error 
0.0 1501.1061471757275
0.0 1501.1061471757275
1.0 1536.888027916636
2.0 1594.9641121591978
3.0 1689.8930946509329
4.0 1817.9457887978565
5.0 1974.6794887582673
6.0 1953.6189973778564
7.0 1930.0740596477604
8.0 1914.4223876825758
9.0 1899.8179289400634
10.0 1892.9197943217612
11.0 1882.0682721856701
12.0 1877.4061338616993
13.0 1873.381794828023
14.0 1876.164528353782
15.0 1876.5164781150634
16.0 1877.1384451600513
17.0 1880.9977208886203
18.0 1880.166216401766
19.0 1879.590068623808
20.0 1880.5743762561337
21.0 1875.8361106747689
22.0 1875.895285175941
23.0 1879.0285471987072
24.0 1877.9036249829796
25.0 1874.9005970916778
26.0 1874.7921874681201
27.0 1874.1331113872016
28.0 1872.6020078777933
29.0 1871.8453239430396
30.0 1871.9758328523053
31.0 1875.1529472037541
32.0 1876.6101599662506
33.0 1876.3773067001434
34.0 1876.7452485440328
35.0 1877.2198279643603
36.0 1876.169599677265
37.0 1874.0636021754735
38.0 1875.084332353998
39.0 1873.6406835626576
40.0 1873.8661432270483
41.0 1873.28759607775
42.0 1872.1289607813096
43.0 1870.2435112535104
44.0 1870.8399220570532
45.0 1869.661408756645
46.0 1868.8951585285367
47.0 1868.8851478310025
48.0 1867.4172985144642
49.0 1867.4172985144642
50.0 1865.1555103631374
51.0 1854.32329802036
52.0 1834.759748412916
53.0 1819.8006031343975
54.0 1811.798972473477
55.0 1804.0879276560586
56.0 1798.4276855608152
57.0 1796.6897350803458
58.0 1796.2439155554946
59.0 1796.0780545383077
60.0 1798.4219057255282
61.0 1801.3234806125581
62.0 1801.233079827257
63.0 1802.466706484383
64.0 1800.980643428097
65.0 1799.6090540491407
66.0 1799.1645551770305
67.0 1797.2467488347843
68.0 1795.326519319534
69.0 1793.5149577894547
70.0 1793.5149577894547
71.0 1791.7943668987266
72.0 1785.4375662518446
73.0 1781.4170527202825
74.0 1778.274108886421
75.0 1778.691570185139
76.0 1777.2804764157754
77.0 1774.789439136835
78.0 1773.1363449033643
79.0 1771.492702525819
80.0 1767.6616708321337
81.0 1765.9551100054518
82.0 1765.9551100054518
83.0 1761.679751140827
84.0 1760.7030399132664
85.0 1757.8801204668985
86.0 1751.9237687761222
87.0 1750.4264813291254
88.0 1750.0786137054167
89.0 1744.370854739689
90.0 1745.015660764886
91.0 1745.346764918544
92.0 1739.9273000761386
93.0 1738.3085988395424
94.0 1736.8254762011925
95.0 1732.3819792074219
96.0 1730.3046079834157
97.0 1729.8696279147555
98.0 1708.659450765093
99.0 1691.7511117433135
100.0 1675.632322190811
101.0 1658.2067844248388
102.0 1648.4601879053146
103.0 1640.4120536153757
104.0 1634.5517629293142
105.0 1634.8997403406784
106.0 1634.3898020661554
107.0 1632.28350685432
108.0 1630.1627328006998
109.0 1630.1627328006998
110.0 1625.9344125173488
111.0 1628.5997055518983
112.0 1631.2136653069924
113.0 1623.0304413192107
114.0 1623.359157457197
115.0 1624.1886409728154
116.0 1619.9252165754535
117.0 1621.611438320238
118.0 1623.2774139871656
119.0 1616.6452802036224
120.0 1615.7683307517298
121.0 1616.593092389939
122.0 1608.752870299722
123.0 1608.6810294314805
124.0 1608.6436864355135
125.0 1602.0725905435527
126.0 1602.4729884414685
127.0 1601.2664966388531
128.0 1594.0527658422845
129.0 1592.9836866566147
130.0 1592.2359359178076
131.0 1582.9782009397038
132.0 1582.2725476148805
133.0 1582.2725476148805
134.0 1574.1823179634448
135.0 1574.0441647822886
136.0 1573.2621940414822
137.0 1565.0395849082213
138.0 1563.4268745876784
139.0 1561.6916656832466
140.0 1554.7108365666286
141.0 1553.390607512958
142.0 1552.1400970115385
143.0 1542.5583057319188
144.0 1542.8647601822154
145.0 1544.0203162557239
146.0 1534.4909044104193
147.0 1534.7110315861544
148.0 1533.4350814655838
149.0 1525.363281954432
150.0 1523.4739530110355
151.0 1523.4739530110355
152.0 1511.6468298188997
153.0 1512.5936611857946
154.0 1510.7415581372654
155.0 1499.6569305377407
156.0 1499.6569305377407
157.0 1498.9101746755869
158.0 1488.3173461721549
159.0 1488.6437716319908
160.0 1488.8907175507795
161.0 1478.8466452678292
162.0 1477.3438532838284
163.0 1476.9037864109414
164.0 1465.7324998734703
165.0 1464.8613464601326
166.0 1464.9694504199874
167.0 1455.195853756823
168.0 1454.0944482416548
169.0 1452.9218531800204
170.0 1441.9528452317081
171.0 1439.7510516411023
172.0 1439.7510516411023
173.0 1428.6800128995426
174.0 1426.8090877012582
175.0 1427.3411997519954
176.0 1417.4617433743163
177.0 1416.3763962078335
178.0 1413.6263060826968
179.0 1402.868959195589
180.0 1402.9004082852302
181.0 1402.9004082852302
182.0 1391.1310534049162
183.0 1390.1108805605957
184.0 1390.1108805605957
185.0 1379.115942512395
186.0 1378.6374261903509
187.0 1378.887666406464
188.0 1367.9464980042608
189.0 1367.0914815889796
190.0 1364.4511629698452
191.0 1353.1331370029577
192.0 1353.9082923718
193.0 1352.1653268616233
194.0 1340.1166240455855
195.0 1341.1115402059943
196.0 1339.1859233237788
197.0 1326.9746881001165
198.0 1327.930998345014
199.0 1326.6353167134387
200.0 1314.3936968715923
201.0 1314.9685264322059
202.0 1312.5009730464753
203.0 1301.0529853238884
204.0 1301.4482726264876
205.0 1301.5346078635287
206.0 1289.9176991036109
207.0 1289.1574900208918
208.0 1287.4946003871678
209.0 1275.3897863467298
210.0 1276.240948689118
211.0 1276.2496218777505
212.0 1264.8793449744664
213.0 1263.5885919617956
214.0 1262.920489513797
215.0 1252.4545205523434
216.0 1251.916202199135
217.0 1250.247950776096
218.0 1239.2608470964155
219.0 1237.980295011333
220.0 1236.0215116089553
221.0 1224.821260860579
222.0 1224.8684305711254
223.0 1223.9898246721946
224.0 1212.5444548801152
225.0 1212.5884657722208
226.0 1212.7974251297414
227.0 1199.7136708662301
228.0 1200.0941784705292
229.0 1200.165698469513
230.0 1188.3308022194144
231.0 1188.1685184212583
232.0 1188.103529119091
233.0 1174.9844181648841
234.0 1175.1004431841059
235.0 1173.9302573287587
236.0 1162.5484794979843
237.0 1162.8652595329634
238.0 1161.7370336736547
239.0 1150.9143218048705
240.0 1151.4390331639088
241.0 1151.3347440642613
242.0 1139.1925539149977
243.0 1139.3215492299807
244.0 1138.3311610974083
245.0 1121.0686297708353
246.0 1107.1449749652706
247.0 1095.3280734751845
248.0 1075.456228188914
249.0 1066.577743260632
250.0 1061.5354710912147
251.0 1049.6288809638006
252.0 1049.7423366824999
253.0 1050.1143708344437
254.0 1040.7698191036714
255.0 1039.6801303069115
256.0 1038.967599983526
257.0 1029.1350825534157
258.0 1027.8196602875887
259.0 1018.1937928428688
260.0 989.0343079075966
261.0 974.7561766780391
262.0 963.5427500453424
263.0 945.5327525076314
264.0 935.8310422543385
265.0 928.3140273246579
266.0 920.3567861537518
267.0 919.846042467822
268.0 920.3835518114122
269.0 909.522499166176
270.0 904.6818075613326
271.0 891.1260785187765
272.0 872.9244252238522
273.0 862.7632496556918
274.0 855.6469870648876
275.0 844.0078631804977
276.0 843.441592365133
277.0 846.5180413450602
278.0 845.6055025327812
279.0 843.8259010729327
280.0 844.3622749195731
281.0 839.7264469183351
282.0 838.7503044375853
283.0 835.6348533088368
284.0 830.6638662792424
285.0 830.1118919757229
286.0 827.6065784513852
287.0 821.676586412555
288.0 819.2463608774424
289.0 817.8823695302393
290.0 815.0814455878168
291.0 814.4801703695589
292.0 813.5609070823374
293.0 809.1012615507746
294.0 805.6567788385441
295.0 798.5407781274936
296.0 792.8312292269923
297.0 790.6062990312907
298.0 791.8135949566496
299.0 785.0135194187196
300.0 783.7062921599855
301.0 783.9969411533747
302.0 777.7970096985698
303.0 776.8306191017657
304.0 775.4024016230748
305.0 769.5169551150186
306.0 767.3219190715172
307.0 766.2078109251296
308.0 762.009132831972
309.0 761.3561067746789
310.0 759.1702687832724
311.0 756.3069863122194
312.0 753.3523811063817
313.0 752.4794940122188
314.0 749.8855746196996
315.0 748.036855896787
316.0 745.2431221992605
317.0 740.3658398607928
318.0 736.7130813664314
319.0 734.9669507811761
320.0 729.8270153518075
321.0 727.0662030855983
322.0 725.2747684551103
323.0 721.5889295825922
324.0 718.1711908249747
325.0 718.2412850205628
326.0 714.3647430661334
327.0 712.2250826394983
328.0 711.3055117633353
329.0 709.2304042082707
330.0 707.5001433405312
331.0 688.8640309782597
332.0 670.3813354025162
333.0 655.2109579541557
334.0 642.2245277370943
335.0 628.4206388682469
336.0 616.8612173754483
337.0 610.7655310448588
338.0 606.3707194263644
339.0 604.509388712207
340.0 603.3124272410287
341.0 600.8998076239578
342.0 597.4892044417275
343.0 595.1013760254881
344.0 594.5328218068905
345.0 590.9935512214728
346.0 589.6593360483236
347.0 586.7095857365787
348.0 584.7237252857453
349.0 581.5788488184356
350.0 575.0430899733824
351.0 555.8651622626606
352.0 540.9475152391597
353.0 529.0997091679295
354.0 516.6195945353306
355.0 508.1481212621937
356.0 500.9855284392345
357.0 496.3868524135755
358.0 494.1453427373414
359.0 491.7123007463464
360.0 496.0662753420374
361.0 491.7861030729303
362.0 489.6587001581108
363.0 489.99473111366706
364.0 489.34127809949905
365.0 488.0620910927878
366.0 489.8312927046269
367.0 486.27754661969226
368.0 484.7392531765527
369.0 485.6064363427437
370.0 483.7146385693658
371.0 479.2693911906962
372.0 476.9196405707982
373.0 472.35906782954254
374.0 464.4898214854016
375.0 464.9442279715434
376.0 464.7018345327619
377.0 464.06802853238156
378.0 466.82483045695415
379.0 463.3547944343916
380.0 461.05970375382674
381.0 465.79857218125414
382.0 460.8591902553443
383.0 458.18310691437375
384.0 457.9248439495092
385.0 456.50245688520135
386.0 457.19269223108154
387.0 457.0452385281735
388.0 453.2749708578205
389.0 450.82275309419816
390.0 453.0059936532863
391.0 450.64950488200225
392.0 449.80300555660324
393.0 446.7354994043484
394.0 439.53519173224254
395.0 438.0117768482226
396.0 443.34272406172505
397.0 441.7172606464855
398.0 440.2665968791834
399.0 439.87453931690925
400.0 435.9263695852497
401.0 431.6115241570772
402.0 432.59779624309573
403.0 433.2191838037872
404.0 430.9193248706954
405.0 435.1590250558542
406.0 426.70032176881415
407.0 425.2845623556998
408.0 429.1499005090513
409.0 427.7734841563127
410.0 426.03088764759474
411.0 425.0622449488306
412.0 423.57186218839473
413.0 417.2201241664534
414.0 421.1712012167469
415.0 420.38626053718934
416.0 421.39358611813356
417.0 418.03567866729503
418.0 421.67422823548276
419.0 418.67461488880065
420.0 418.06579587683683
421.0 422.13819932061233
422.0 419.2536725928588
423.0 417.0900354242054
424.0 423.87339441461285
425.0 422.58371295465855
426.0 420.01044517057005
427.0 425.8117065638486
428.0 424.5281855932556
429.0 428.9951675533412
430.0 435.16528657826973
431.0 434.3379245755268
432.0 430.21981984879284
433.0 430.3487952256479
434.0 429.5580419361329
435.0 423.69345173813343
436.0 424.0640962957216
437.0 420.95278780350395
438.0 416.1321250303858
439.0 422.55377177528476
440.0 417.89990598502743
441.0 411.6505641676182
442.0 408.11965827049715
443.0 418.6368832665895
444.0 413.7271609696376
445.0 412.71262712032143
446.0 421.89175634273414
447.0 423.88539444266513
448.0 419.71954666609616
449.0 421.87929649534544
450.0 418.59956318768735
451.0 416.0143880894689
452.0 425.9874677093879
453.0 426.3086708555767
454.0 421.1665804376141
455.0 428.38616536916527
456.0 429.4011389156857
457.0 424.6889518728008
458.0 427.2199738502126
459.0 425.44196114939984
460.0 422.4160933771115
461.0 431.1842964154656
462.0 428.61244784505726
463.0 425.66328415604386
464.0 433.3506426940882
465.0 422.8120574850984
466.0 419.74800847061715
467.0 427.130215782395
468.0 425.8822634473605
469.0 419.18613951573616
470.0 431.4051122555701
471.0 422.87358775603786
472.0 418.5562695311522
473.0 421.73847647418427
474.0 415.3362041795195
475.0 420.320374697226
476.0 433.61587678537273
477.0 428.81296072965705
478.0 413.45511929629845
479.0 426.09858699121577
480.0 420.7070382773915
481.0 416.5102695386935
482.0 415.0171362876526
483.0 432.53307578799587
484.0 433.52179918524604
485.0 432.76540842257776
486.0 441.83827430997
487.0 434.9963826449688
488.0 433.74786609911234
489.0 448.56883845448954
490.0 445.0355393376374
491.0 445.2521526281327
492.0 454.6818451534919
493.0 451.05053284417625
494.0 438.3566363535337
495.0 423.5004595187532
496.0 402.167889316341
497.0 386.29163977847173
498.0 368.45413471200646
499.0 375.0861707193119
500.0 362.5573379302895
501.0 358.5313678945712
502.0 370.5651941500319
503.0 365.5623893350241
504.0 361.8168357901598
505.0 353.29480992019387
506.0 365.4269850028329
507.0 360.8714781064192
508.0 359.1968897608431
509.0 370.64151261434336
510.0 366.66488880342354
511.0 370.28623282431965
512.0 381.97536510553243
513.0 379.74527842033683
514.0 378.83096671387193
515.0 391.98093137274566
516.0 390.1114214609808
517.0 390.1186173886564
518.0 402.13445998837017
519.0 400.9112195430903
520.0 396.98115459026457
521.0 412.90977922630395
522.0 413.11788391689777
523.0 409.6691237627624
524.0 415.8871607598366
525.0 413.8615730641488
526.0 413.7723188335986
527.0 432.21014305943595
528.0 429.6701669268749
529.0 425.86779720691305
530.0 442.2250883697368
531.0 436.5268462741843
532.0 431.56674836642856
533.0 441.4359692686454
534.0 441.03653012045766
535.0 442.67847050641717
536.0 454.8803775462876
537.0 449.42775822596934
538.0 449.07462404020083
539.0 464.5907880524961
540.0 455.3107145983407
541.0 444.231205828273
542.0 459.1096955733698
543.0 454.28769137518
544.0 453.2603918747754
545.0 450.0725748318518
546.0 468.7605783470346
547.0 460.3613397295263
548.0 459.5145164128705
549.0 468.3266593732736
550.0 460.24138021516137
551.0 457.33410776781545
552.0 469.94985696600435
553.0 460.82876627088575
554.0 458.6928131284758
555.0 471.3794733394
556.0 471.3671885329827
557.0 465.2403393957265
558.0 476.2802236790599
559.0 474.32716000624885
560.0 471.36647953310455
561.0 480.82814045676724
562.0 477.2210114169238
563.0 475.7487715106552
564.0 485.7447692634011
565.0 483.50169070321823
566.0 487.322855769712
567.0 503.38549493423113
568.0 499.10711421211136
569.0 494.4320940441203
570.0 504.9266696278089
571.0 494.1007556804198
572.0 489.10525348128056
573.0 494.2013944919508
574.0 494.70415651936025
575.0 483.3357943874141
576.0 482.1370787998186
577.0 477.4440581203762
578.0 475.82428017945784
579.0 491.9020755239142
580.0 490.6489457534143
581.0 488.67675689232135
582.0 510.51984708242446
583.0 509.5473236674735
584.0 504.3920118463191
585.0 510.03162428901913
586.0 499.3586826319476
587.0 493.2500715395364
588.0 499.5920264658638
589.0 495.89114117634614
590.0 488.9686868080114
591.0 501.8074875768731
592.0 497.3876579903382
593.0 498.02737895433233
594.0 511.5205891842972
595.0 509.4556490700893
596.0 510.74286503732895
597.0 521.7098116504295
598.0 509.32750525448296
599.0 503.7882545272397
600.0 509.29008540512075
601.0 507.49591747618047
602.0 502.09286135271265
603.0 516.9758094975184
604.0 511.86514082023837
605.0 509.26529273958147
606.0 518.7885240750336
607.0 518.3315116979
608.0 514.9519262610597
609.0 536.4735308867679
610.0 532.2141520317042
611.0 522.0012767557515
612.0 532.6095732315869
613.0 531.6639177175974
614.0 527.3895584821021
615.0 538.861819679997
616.0 539.7209186383892
617.0 536.5355348467873
618.0 551.0569889469964
619.0 545.5779587184581
620.0 542.9626952187045
621.0 552.5749027830617
622.0 542.2470450382503
623.0 537.941561231128
624.0 560.3993961765647
625.0 555.9511031271916
626.0 553.8244442855225
627.0 567.9425300464201
628.0 561.1969242732865
629.0 561.1833814563713
630.0 578.575189231189
631.0 570.46685220383
632.0 557.1826801332802
633.0 573.2354212789597
634.0 573.0557186031934
635.0 570.3482721895145
636.0 583.0389321112443
637.0 574.6283731447388
638.0 562.5805148908318
639.0 577.2901395012806
640.0 573.8128977187355
641.0 572.7419277300941
642.0 590.9285713995654
643.0 586.1069961659367
644.0 582.6938944881125
645.0 595.5488698265319
646.0 589.1421892190338
647.0 583.2298840967915
648.0 591.9551637057625
649.0 583.0643084047281
650.0 589.4505379391571
651.0 613.4147848429153
652.0 616.4013141872362
653.0 617.9669846093141
654.0 638.7181069806246
655.0 636.7692590108832
656.0 632.6857920978343
657.0 667.662872697629
658.0 679.7120288599687
659.0 661.6895403779671
660.0 679.4629495634011
661.0 675.6194939927698
662.0 674.4591706783258
663.0 685.6241421931499
664.0 682.3733056645247
665.0 667.9911758894874
666.0 661.3852827178717
667.0 648.4668391568396
668.0 644.3771967449676
669.0 655.9275469901982
670.0 651.2317506456332
671.0 648.8323391094549
672.0 660.8440985294087
673.0 651.176583153023
674.0 648.3400580382478
675.0 664.6484978094027
676.0 661.4334378820323
677.0 657.6424462196381
678.0 674.4683690606331
679.0 682.9793101578997
680.0 666.6049234397212
681.0 680.975289763602
682.0 674.0880886508022
683.0 661.9422023341041
684.0 666.6413964445711
685.0 665.1880498520444
686.0 659.9772617169796
687.0 668.339370336084
688.0 665.1176655705515
689.0 661.3515263583073
690.0 671.0463696756009
691.0 669.0577015610443
692.0 662.605596498526
693.0 672.6656946319343
694.0 669.2342386824173
695.0 668.6556572526432
696.0 661.8603896956661
697.0 643.9703077637391
698.0 622.2502558708321
699.0 622.0521919773381
700.0 616.9896745547478
701.0 609.3856672236913
702.0 619.1849069031306
703.0 616.1230217402157
704.0 611.4265754160532
705.0 625.0497033860876
706.0 617.4612914618868
707.0 613.2061573764366
708.0 625.9327162145522
709.0 624.1681702396655
710.0 622.9892968697648
711.0 625.8335096839777
712.0 623.0325583569055
713.0 623.6833234222531
714.0 639.1985797972133
715.0 635.4007606409117
716.0 632.1127052481253
717.0 648.8627183933822
718.0 641.6593200239791
719.0 640.2195612605082
720.0 645.562062046214
721.0 642.2374283192895
722.0 637.7964879125469
723.0 647.2361424726662
724.0 641.2579022775894
725.0 637.5683104695626
726.0 656.1277270803937
727.0 656.1312312927942
728.0 653.5668714017315
729.0 655.9036210677796
730.0 655.9036210677796
731.0 646.1390414426596
732.0 656.346899992951
733.0 650.8659105614979
734.0 638.6011171445501
735.0 643.703641337593
736.0 640.4895923788445
737.0 635.246457111845
738.0 645.2917900016834
739.0 638.3904684650485
740.0 638.3904684650485
741.0 646.2097650739654
742.0 642.3956491142548
743.0 634.728543543757
744.0 637.860814115824
745.0 629.3087604994107
746.0 621.6212400592595
747.0 631.3208386396884
748.0 626.2732149287331
749.0 619.2674804376422
750.0 631.6879449522288
751.0 629.3864796786943
752.0 625.9941959242818
753.0 635.6267523278117
754.0 628.7844366904031
755.0 624.4891695879932
756.0 633.6027704771449
757.0 627.5863694995936
758.0 623.7065279217527
759.0 630.1769067455625
760.0 626.5647593920523
761.0 622.0558062636309
762.0 629.8916370742313
763.0 623.9591784276861
764.0 615.2935454788935
765.0 618.622260276723
766.0 613.4575443439315
767.0 610.1907723586853
768.0 615.418843110243
769.0 613.3810947130016
770.0 609.3970358455584
771.0 617.180356219031
772.0 615.4507402523553
773.0 612.7891322023432
774.0 622.1180405314512
775.0 604.5826395836953
776.0 594.6322158909888
777.0 600.2699460547977
778.0 597.4878689306997
779.0 597.4878689306997
780.0 603.7816990987599
781.0 598.9187426204478
782.0 596.0306001071851
783.0 603.2520384608029
784.0 599.1110391149847
785.0 590.2769405476282
786.0 591.8887350514852
787.0 587.5130802485992
788.0 583.6463294454447
789.0 589.4033555227642
790.0 585.4475189773536
791.0 580.115504279131
792.0 586.7227236652849
793.0 582.568433308172
794.0 580.83748271575
795.0 594.6504645077274
796.0 590.1640787341893
797.0 584.2046955634754
798.0 594.0827490030108
799.0 592.0366459381631
800.0 592.2770331030789
801.0 603.0967529418389
802.0 601.515404796891
803.0 597.3938897187246
804.0 604.5905763131244
805.0 611.2386087729781
806.0 614.5516986553314
807.0 621.2299331593862
808.0 618.3956916187938
809.0 615.1853222930666
810.0 616.739439075752
811.0 613.875720847302
812.0 613.875720847302
813.0 619.6917983207933
814.0 615.9639343397085
815.0 621.4240044493174
816.0 625.3149096976617
817.0 623.5737646803689
818.0 620.5215841490699
819.0 620.2583105649654
820.0 618.9765007856455
821.0 615.2638646175154
822.0 623.1993282849936
823.0 616.9983099724508
824.0 616.9983099724508
825.0 625.0869621873599
826.0 633.1819233606417
827.0 633.7695206038702
828.0 639.7212283928138
829.0 636.3872130989523
830.0 633.4611734744644
831.0 638.163977076522
832.0 630.8676395109127
833.0 627.422399281439
834.0 645.967509575987
835.0 656.7188986504086
836.0 652.4384851741705
837.0 658.5433660340232
838.0 640.2046648122437
839.0 628.3222911342731
840.0 626.3497962406193
841.0 614.4746737454503
842.0 608.0602409417758
843.0 614.3564236640215
844.0 607.278784719236
845.0 605.1117660887282
846.0 615.3439126315253
847.0 612.1235829669561
848.0 608.5115150587256
849.0 615.9024575316996
850.0 611.4501713009257
851.0 610.5252732176167
852.0 619.8838175645245
853.0 618.1730381618594
854.0 616.6005059608414
855.0 620.6791659330519
856.0 619.0272071599759
857.0 615.4105248690873
858.0 624.9662456824709
859.0 623.325256940405
860.0 621.8757252654835
861.0 629.9411947329742
862.0 624.5223246664142
863.0 619.2576162974718
864.0 625.0664064694292
865.0 623.5620837384239
866.0 623.5620837384239
867.0 628.8040757971221
868.0 616.4486484038446
869.0 610.6283937685665
870.0 617.2805454300242
871.0 609.1682408376308
872.0 607.8128009610544
873.0 609.8522403105806
874.0 611.5537225275991
875.0 633.0764177817281
876.0 649.3225114082644
877.0 652.0144173944403
878.0 650.5663247812438
879.0 660.7397116993416
880.0 663.5271022434072
881.0 663.5271022434072
882.0 669.321396304838
883.0 667.9888234050487
884.0 660.5674840021435
885.0 666.509900781666
886.0 662.7509790844316
887.0 662.288976076425
888.0 664.5911696946531
889.0 663.0052755933908
890.0 658.9532373467952
891.0 662.7058451491647
892.0 662.7058451491647
893.0 660.3061005400779
894.0 661.3771686245802
895.0 659.8237810386215
896.0 657.5864597217178
897.0 656.5561896857969
898.0 656.7950081726889
899.0 654.850174081236
900.0 656.6942210407633
901.0 655.8845740428706
902.0 648.8908182504767
903.0 650.5155184874895
904.0 648.1352143260624
905.0 646.480795676367
906.0 651.6349235046281
907.0 648.8530179474302
908.0 646.1321954867393
909.0 648.7093884056543
910.0 644.5541405158712
911.0 641.2170322757028
912.0 645.4003992384299
913.0 642.3941931396878
914.0 640.524003161312
915.0 642.8832203566307
916.0 641.1714441682203
917.0 638.5212501345712
918.0 643.2290270611111
919.0 641.5136896527445
920.0 632.1285679959556
921.0 620.8659195536833
922.0 609.6943254922937
923.0 601.9911910166643
924.0 604.7423309255503
925.0 603.0223990958077
926.0 602.3984626167496
927.0 603.3508220773364
928.0 599.5733196249353
929.0 595.2114803892058
930.0 599.8426640773981
931.0 600.7841409639567
932.0 597.6763652562696
933.0 608.1984659959253
934.0 609.2399701868961
935.0 606.000277463807
936.0 620.4330351371887
937.0 629.7628372945717
938.0 625.6931386958107
939.0 629.210664708739
940.0 624.9869069774081
941.0 620.9355735804805
942.0 624.013987926873
943.0 623.2196051330689
944.0 624.7702982372019
945.0 638.6217978084469
946.0 646.3951577129164
947.0 639.3616556940133
948.0 638.3655987900788
949.0 626.8610301557881
950.0 619.3427811783367
951.0 614.9276251198999
952.0 609.0850946184589
953.0 603.567467291634
954.0 603.3582190739437
955.0 602.776733885628
956.0 599.4773149145427
957.0 601.5731775865846
958.0 597.4110216889256
959.0 593.7716236934698
960.0 594.1971948340165
961.0 591.3067815069777
962.0 594.2460251452391
963.0 598.464810666458
964.0 590.0209834498252
965.0 595.9982764708246
966.0 606.704345427465
967.0 612.0275315376769
968.0 606.9036466720122
969.0 596.846399217072
970.0 590.6192861186141
971.0 594.8892362333091
972.0 596.4533753639754
973.0 596.1840640379334
974.0 593.1602323074725
975.0 594.1509912433557
976.0 592.4435043643782
977.0 585.6177687278719
978.0 583.6740267151773
979.0 584.9589970122564
980.0 582.76332719916
981.0 584.7183787640005
982.0 578.5782295943993
983.0 577.7901127248975
984.0 578.2702131993282
985.0 576.5277694657759
986.0 572.6663503537782
987.0 577.0348374002845
988.0 593.9570294159247
989.0 608.4789058052502
990.0 609.0497931137347
991.0 592.5527181548275
992.0 579.9209268671798
993.0 588.5253156455287
994.0 591.4495503683554
995.0 584.6605930145221
996.0 576.6557975035303
997.0 571.4429514272497
998.0 571.9429290896694
999.0 570.3521673367579
1000.0 558.1375412857128
1001.0 553.6531795676183
1002.0 551.914681785621
1003.0 550.3640569229594
1004.0 548.7439844948597
1005.0 548.8171587580384
1006.0 552.629206064879
1007.0 553.0712670335317
1008.0 552.1533613010871
1009.0 551.7289211847641
1010.0 549.9858566477067
1011.0 548.2683114912365
1012.0 547.2965772430202
1013.0 546.5278952817443
1014.0 545.0907333812359
1015.0 540.0130574464694
1016.0 534.0630715928336
1017.0 531.8583819633776
1018.0 530.085984085474
1019.0 528.5481556583976
1020.0 527.3268427223045
1021.0 525.2850077123671
1022.0 523.2858316756526
1023.0 521.1099075534121
1024.0 523.6941201048844
1025.0 522.9322502542101
1026.0 531.0519695440908
1027.0 543.0473021428237
1028.0 543.3605469827812
1029.0 531.3343127533867
1030.0 514.776749845007
1031.0 501.7472626672665
1032.0 490.3278991980762
1033.0 487.88341765043043
1034.0 489.2651600142636
1035.0 498.59117135828484
1036.0 499.9999693359741
1037.0 496.4381625719336
1038.0 494.0241228680889
1039.0 492.51014751483854
1040.0 492.28093627132955
1041.0 491.2642181018516
1042.0 490.52568469207654
1043.0 488.2438702686826
1044.0 484.6062349015483
1045.0 483.57476391322007
1046.0 483.57476391322007
1047.0 483.57476391322007
1048.0 479.7378381524072
1049.0 480.79385799692335
1050.0 484.4874306499248
1051.0 496.2411105338753
1052.0 498.570117460624
1053.0 498.8446183078031
1054.0 498.54384413334674
1055.0 498.8251317273375
1056.0 506.412009423193
1057.0 508.79372241612805
1058.0 507.74600464891546
1059.0 498.01011541571603
1060.0 486.08738712764466
1061.0 483.1642390980165
1062.0 483.71608966932837
1063.0 484.5373184588407
1064.0 484.14168664308136
1065.0 473.84891395401075
1066.0 470.67949436378615
1067.0 467.6413638724446
1068.0 471.2702914688284
1069.0 469.7337705776529
1070.0 470.9429373113388
1071.0 473.7271379779832
1072.0 472.1126454272558
1073.0 476.63577066345005
1074.0 487.46606919789406
1075.0 493.9895387728167
1076.0 498.78975556655996
1077.0 496.5168969380576
1078.0 494.4374021008854
1079.0 493.6317585349815
1080.0 494.61669466355
1081.0 488.04304379296264
1082.0 480.3793339400562
1083.0 477.8964977139216
1084.0 476.917800565293
1085.0 471.534542513867
1086.0 473.4295000377799
1087.0 476.37181618494935
1088.0 471.1788104056061
1089.0 471.3802561163255
1090.0 473.07366750014677
1091.0 472.40590049754525
1092.0 472.6214592580365
1093.0 467.9085781882695
1094.0 466.53825112547287
1095.0 465.2548919778001
1096.0 462.8432823532833
1097.0 461.9537675799963
1098.0 458.8377787455676
1099.0 455.874302160335
1100.0 454.3479088504424
1101.0 452.7783462230866
1102.0 450.7451649381436
1103.0 450.1401710530196
1104.0 453.55885399701543
1105.0 453.3136360175002
1106.0 451.95350859611756
1107.0 451.95350859611756
1108.0 449.8502830523587
1109.0 449.9306626900976
1110.0 450.4077921601071
1111.0 448.9476819528905
1112.0 449.71129168807624
1113.0 452.59675832399023
1114.0 450.7578582700433
1115.0 451.13918181265984
1116.0 451.15343135107963
1117.0 449.84933136286253
1118.0 449.1689152442223
1119.0 448.5031208239625
1120.0 446.4832169867136
1121.0 448.4151651491742
1122.0 459.61347904386145
1123.0 472.7574515233001
1124.0 465.6003776735266
1125.0 457.44558258362514
1126.0 453.0103102678542
1127.0 448.47712450838935
1128.0 448.75949535196696
1129.0 441.9331323579412
1130.0 436.114047350896
1131.0 436.7193755311412
1132.0 434.7102601528957
1133.0 429.43799059012554
1134.0 436.6872478127491
1135.0 447.1618050780106
1136.0 449.9429834575593
1137.0 450.4754651416139
1138.0 451.42288414366254
1139.0 460.6463338181232
1140.0 461.92240251562714
1141.0 466.79503281183173
1142.0 469.15785456953176
1143.0 466.1839205125064
1144.0 465.19197651622864
1145.0 466.9639045915806
1146.0 467.5610196319099
1147.0 464.98905027053905
1148.0 463.37046469911473
1149.0 463.37046469911473
1150.0 460.9665498627504
1151.0 459.01419058945197
1152.0 459.50178701913524
1153.0 459.40826905556804
1154.0 456.4369575380605
1155.0 454.52682852449027
1156.0 445.0369428055843
1157.0 444.77904302936
1158.0 444.77904302936
1159.0 444.2252774950125
1160.0 443.73894981414077
1161.0 443.851508325438
1162.0 440.1925316640757
1163.0 433.88627423215587
1164.0 432.6851756297886
1165.0 439.4804230930962
1166.0 444.92161310182223
1167.0 444.8127806329996
1168.0 448.5693984196225
1169.0 447.95342817817885
1170.0 449.24764887226496
1171.0 448.17768534715395
1172.0 446.9526244629668
1173.0 446.8163834743523
1174.0 443.69363263243827
1175.0 435.561148001137
1176.0 426.285478220051
1177.0 425.6378152210182
1178.0 423.44992492320614
1179.0 422.75489160793165
1180.0 424.34715698119504
1181.0 423.3182455001575
1182.0 422.6946465272106
1183.0 423.9316310261768
1184.0 422.0688493680727
1185.0 420.3660429137579
1186.0 419.95392474268266
1187.0 416.632255621761
1188.0 408.47374342041434
1189.0 409.35283463762266
1190.0 409.35283463762266
1191.0 408.0742148756703
1192.0 407.9912043608812
1193.0 408.5395306547431
1194.0 406.95742708331534
1195.0 408.6728152097304
1196.0 408.6728152097304
1197.0 409.2569361159058
1198.0 405.33768051480604
1199.0 396.2572650266379
1200.0 385.648262233146
1201.0 377.6779934378744
1202.0 371.3370002877767
1203.0 371.84449907229515
1204.0 372.79549232224167
1205.0 370.8922026787624
1206.0 370.8386000703672
1207.0 371.73607465778434
1208.0 371.5950457372254
1209.0 366.89027833554513
1210.0 368.5671393670259
1211.0 368.35191373070506
1212.0 368.946016973348
1213.0 372.16495741303817
1214.0 371.2219995538574
1215.0 370.31017450784316
1216.0 372.14765501787736
1217.0 372.0289127818611
1218.0 358.2497262583718
1219.0 353.9521821018024
1220.0 348.67188171280463
1221.0 348.71490421409567
1222.0 345.5239864468382
1223.0 327.85109899741065
1224.0 315.69965103948823
1225.0 316.43286295469176
1226.0 314.0835562306639
1227.0 314.9013760779138
1228.0 317.1315233112754
1229.0 312.6763095049884
1230.0 307.89547090241746
1231.0 306.4870013085374
1232.0 299.1848665820163
1233.0 293.8264412478532
1234.0 294.6978929493136
1235.0 295.2334774958504
1236.0 294.2759144167181
1237.0 296.07241437716345
1238.0 294.5510336930259
1239.0 290.44561859299677
1240.0 294.17337068274963
1241.0 290.22885379813897
1242.0 287.10809827999816
1243.0 291.13725823746324
1244.0 291.30630634416485
1245.0 288.4411173544736
1246.0 290.66174423016076
1247.0 288.2862730534832
1248.0 288.2272272060216
1249.0 290.6271603031993
1250.0 291.88148768935986
1251.0 289.39020235319634
1252.0 293.47824459478693
1253.0 293.3383741686679
1254.0 292.5749720070369
1255.0 294.79968914736554
1256.0 293.3968217107059
1257.0 291.221751337656
1258.0 288.1946608153796
1259.0 279.25150269686105
1260.0 271.76204641491216
1261.0 271.2960709084501
1262.0 271.40436766291646
1263.0 271.18976538998135
1264.0 274.7138918776648
1265.0 272.0165361497756
1266.0 271.01324300872227
1267.0 269.7654327473587
1268.0 247.52356341507868
1269.0 245.78441022525587
1270.0 248.37050003704476
1271.0 247.03844701657007
1272.0 242.9550173385415
1273.0 247.4591116925907
1274.0 249.64262058807174
1275.0 249.2662899653593
1276.0 249.44575555891876
1277.0 247.0236026885589
1278.0 241.64184310111057
1279.0 241.61936296414046
1280.0 242.4437370722723
1281.0 244.28028772680585
1282.0 248.92535986086753
1283.0 250.04470325605132
1284.0 245.9378774159438
1285.0 247.81156161085826
1286.0 244.79845427545456
1287.0 241.8387730116164
1288.0 245.7502647907073
1289.0 248.9351972211035
1290.0 247.5710903688231
1291.0 250.22461525218708
1292.0 245.98121935554641
1293.0 248.25259086562588
1294.0 251.64403461536335
1295.0 249.1698029528274
1296.0 247.34843782671936
1297.0 250.83329340336817
1298.0 245.4671663121043
1299.0 246.14138088941337
1300.0 250.92177995103444
1301.0 256.00997646943006
1302.0 254.31589801293563
1303.0 259.1013803627273
1304.0 259.1248096072444
1305.0 257.39631507325737
1306.0 262.68988622945034
1307.0 261.7833061576902
1308.0 260.0623466985199
1309.0 269.25416443566377
1310.0 271.674317790723
1311.0 271.92150563733094
1312.0 277.96693747165904
1313.0 275.854588890534
1314.0 276.00196664865615
1315.0 276.0421448983742
1316.0 270.4826424906834
1317.0 267.95429305570985
1318.0 272.022241309251
1319.0 272.38773859095807
1320.0 270.5249257852203
1321.0 277.07640009310364
1322.0 279.47253836367076
1323.0 271.06122460913286
1324.0 267.9568930580954
1325.0 272.354093165071
1326.0 272.499714444898
1327.0 276.2490822988884
1328.0 274.94732395958516
1329.0 272.474748858364
1330.0 275.39696218708
1331.0 275.43673409510103
1332.0 272.86961438459883
1333.0 277.62337657092183
1334.0 284.35149220392935
1335.0 283.8097577651577
1336.0 288.74128366209317
1337.0 283.70463847178297
1338.0 280.18143076878187
1339.0 284.3640090888868
1340.0 280.4320174575399
1341.0 278.23141284677547
1342.0 287.1029568418378
1343.0 284.19566701439317
1344.0 283.69697839214564
1345.0 286.90973614030054
1346.0 286.37226172494053
1347.0 282.0338188959843
1348.0 283.9861660474663
1349.0 280.70924227137874
1350.0 279.1000926341335
1351.0 289.65141778117976
1352.0 295.01558682353357
1353.0 292.828529359946
1354.0 296.7510984730893
1355.0 295.84607350159206
1356.0 293.5265881032697
1357.0 296.22774201700514
1358.0 294.6805853751529
1359.0 292.84428501997036
1360.0 299.5544837521859
1361.0 297.0986700002979
1362.0 297.6909815545119
1363.0 303.095555814488
1364.0 301.9419287432743
1365.0 298.5707811719813
1366.0 304.15265629818964
1367.0 303.2579978524835
1368.0 299.73960979923396
1369.0 302.03755094189285
1370.0 299.71281675329374
1371.0 298.17929137636025
1372.0 299.07978275351405
1373.0 298.6507235039164
1374.0 297.89353634248346
1375.0 303.37767622291113
1376.0 303.2592179712541
1377.0 310.7063232842025
1378.0 314.5924546790591
1379.0 304.6607282438709
1380.0 298.4326308834703
1381.0 306.02747528249864
1382.0 305.6106118789392
1383.0 294.4150370113572
1384.0 296.1172153939991
1385.0 296.0241448868237
1386.0 294.71955805920254
1387.0 299.9350733810663
1388.0 296.4969786249355
1389.0 297.1539325301546
1390.0 300.32345022908305
1391.0 303.3652155772248
1392.0 300.030547923809
1393.0 303.0040213798496
1394.0 302.123034609132
1395.0 301.24396103734165
1396.0 304.84286731166213
1397.0 304.9476302657571
1398.0 301.2072755616491
1399.0 308.62914909870705
1400.0 307.44004271542076
1401.0 302.506394014583
1402.0 307.3551460262022
1403.0 306.9857233889664
1404.0 305.1340894045242
1405.0 312.06927145016823
1406.0 308.4649916159545
1407.0 307.56219048468336
1408.0 313.99386802876626
1409.0 310.5081597091704
1410.0 309.75131269908974
1411.0 314.85363329493566
1412.0 314.0379581407765
1413.0 320.26843859257605
1414.0 323.3075659918396
1415.0 320.9022561455397
1416.0 323.2205080968897
1417.0 328.65756074005765
1418.0 317.3544682938519
1419.0 313.44401595542837
1420.0 318.3451837561875
1421.0 310.81366647515654
1422.0 308.4505283271941
1423.0 314.5519628029142
1424.0 310.49757814034473
1425.0 310.2709945732998
1426.0 317.8959556900709
1427.0 311.48341795172536
1428.0 303.5141435463295
1429.0 309.15963702042995
1430.0 308.03597896819326
1431.0 309.8286646268038
1432.0 316.3744051784111
1433.0 317.4097967767048
1434.0 313.55434965562745
1435.0 310.08557612136144
1436.0 321.87625608317603
1437.0 320.2383758485605
1438.0 315.87907405020866
1439.0 322.4030499133632
1440.0 321.28071733914305
1441.0 314.54260044820757
1442.0 321.53430576141943
1443.0 320.6901185627889
1444.0 319.72022222809403
1445.0 325.01999614181403
1446.0 319.53955836538216
1447.0 317.0504771268822
1448.0 322.26282970768665
1449.0 318.0979240279632
1450.0 315.7503896765173
1451.0 316.67770741310846
1452.0 317.46570995090434
1453.0 317.91845246654765
1454.0 327.0807665792878
1455.0 327.7292072728944
1456.0 325.02684869189284
1457.0 328.90064256058434
1458.0 325.0517659550646
1459.0 325.2663309381609
1460.0 332.3940459442859
1461.0 327.1154918198072
1462.0 320.7351209953778
1463.0 327.48262468086216
1464.0 319.7064492548219
1465.0 317.57553510662746
1466.0 328.68531940790376
1467.0 328.25156789843436
1468.0 332.12849213037833
1469.0 332.1803094181486
1470.0 336.92347776242366
1471.0 336.01905268463554
1472.0 333.91146114489493
1473.0 337.59414309748064
1474.0 333.0263300935478
1475.0 327.90012216167935
1476.0 335.0458935886509
1477.0 324.02298603257714
1478.0 322.6004604321476
1479.0 324.83424110003085
1480.0 322.86363506508366
1481.0 318.7203570556809
1482.0 322.2813634381483
1483.0 316.7142154774876
1484.0 313.08195913707596
1485.0 320.31222837137597
1486.0 317.37576420182563
1487.0 315.9290617362976
1488.0 324.53606127935404
1489.0 320.74693443746173
1490.0 315.21944691673133
1491.0 320.9151648789614
1492.0 319.3840252791831
1493.0 316.9208477457368
1494.0 317.9831892361331
1495.0 319.56594519215196
1496.0 315.69888284427003
1497.0 313.66655689743425
1498.0 323.8664604399997
1499.0 321.79451520930024
1500.0 318.2287941000105
#####################################################################
# End of data export. Simulation finished at: 2024-06-03T17:00+0000 #
#####################################################################
