#####################################################################
# Alchemist log file - simulation started at: 2024-05-30T14:24+0000 #
#####################################################################
#
# numberOfDrones = 20.0, seed = 75.0
#
# The columns have the following meaning: 
# time error 
0.0 55.51475862778725
0.0 49.391407147272965
1.0 49.391407147272965
2.0 49.391407147272965
3.0 49.391407147272965
4.0 49.391407147272965
5.0 49.391407147272965
6.0 49.391407147272965
7.0 49.391407147272965
8.0 49.391407147272965
9.0 49.391407147272965
10.0 48.640314438844825
11.0 48.545927693873594
12.0 48.68694889360211
13.0 48.68694889360211
14.0 48.68694889360211
15.0 48.68694889360211
16.0 48.68694889360211
17.0 47.92443264692386
18.0 47.92443264692386
19.0 47.92443264692386
20.0 47.92443264692386
21.0 47.92443264692386
22.0 48.06728119139328
23.0 47.31148827596692
24.0 47.31148827596692
25.0 47.31148827596692
26.0 47.31148827596692
27.0 47.4570760928503
28.0 47.4570760928503
29.0 47.4570760928503
30.0 47.4570760928503
31.0 46.72093681692588
32.0 46.869111551027835
33.0 46.869111551027835
34.0 46.869111551027835
35.0 46.869111551027835
36.0 46.869111551027835
37.0 46.54658780051986
38.0 46.54658780051986
39.0 46.54658780051986
40.0 46.54658780051986
41.0 46.54658780051986
42.0 46.54658780051986
43.0 46.54658780051986
44.0 46.02965986981665
45.0 46.02965986981665
46.0 46.02965986981665
47.0 46.02965986981665
48.0 46.02965986981665
49.0 46.02965986981665
50.0 46.02965986981665
51.0 45.578626564828895
52.0 45.578626564828895
53.0 45.578626564828895
54.0 45.578626564828895
55.0 45.578626564828895
56.0 45.578626564828895
57.0 45.578626564828895
58.0 45.22499481400345
59.0 45.372695361746196
60.0 45.372695361746196
61.0 45.372695361746196
62.0 45.372695361746196
63.0 45.372695361746196
64.0 45.372695361746196
65.0 44.92321366876011
66.0 45.068235579369144
67.0 45.068235579369144
68.0 45.068235579369144
69.0 45.068235579369144
70.0 45.068235579369144
71.0 45.068235579369144
72.0 44.96844949168768
73.0 44.96844949168768
74.0 44.96844949168768
75.0 44.96844949168768
76.0 44.96844949168768
77.0 44.96844949168768
78.0 44.96844949168768
79.0 44.69056363077569
80.0 44.82915500974273
81.0 44.82915500974273
82.0 44.82915500974273
83.0 44.82915500974273
84.0 44.82915500974273
85.0 44.82915500974273
86.0 44.69766585853469
87.0 44.832608059838876
88.0 44.832608059838876
89.0 44.832608059838876
90.0 44.832608059838876
91.0 44.832608059838876
92.0 44.96855372740586
93.0 44.96855372740586
94.0 44.96855372740586
95.0 44.96855372740586
96.0 44.815119858207936
97.0 44.672014882871714
98.0 44.672014882871714
99.0 44.672014882871714
100.0 44.672014882871714
101.0 44.672014882871714
102.0 44.672014882871714
103.0 44.5168061533583
104.0 44.5168061533583
105.0 44.5168061533583
106.0 44.5168061533583
107.0 44.5168061533583
108.0 44.5168061533583
109.0 44.5168061533583
110.0 44.41577086347764
111.0 44.41577086347764
112.0 44.41577086347764
113.0 44.41577086347764
114.0 44.41577086347764
115.0 44.41577086347764
116.0 44.41577086347764
117.0 44.401667122981166
118.0 44.401667122981166
119.0 44.401667122981166
120.0 44.401667122981166
121.0 44.401667122981166
122.0 44.401667122981166
123.0 44.401667122981166
124.0 44.47332764569364
125.0 44.47332764569364
126.0 44.47332764569364
127.0 44.47332764569364
128.0 44.47332764569364
129.0 44.47332764569364
130.0 44.47332764569364
131.0 44.74625461084753
132.0 44.63490095094992
133.0 44.63490095094992
134.0 44.63490095094992
135.0 44.63490095094992
136.0 44.63490095094992
137.0 44.63490095094992
138.0 44.77128199716076
139.0 44.77128199716076
140.0 44.77128199716076
141.0 44.77128199716076
142.0 44.77128199716076
143.0 44.77128199716076
144.0 44.77128199716076
145.0 45.10397290389865
146.0 45.10397290389865
147.0 45.10397290389865
148.0 45.10397290389865
149.0 45.10397290389865
150.0 45.10397290389865
151.0 45.10397290389865
152.0 45.55077971187153
153.0 45.55077971187153
154.0 45.55077971187153
155.0 45.55077971187153
156.0 45.55077971187153
157.0 45.55077971187153
158.0 45.55077971187153
159.0 45.92287690980931
160.0 45.92287690980931
161.0 45.92287690980931
162.0 45.92287690980931
163.0 45.92287690980931
164.0 45.92287690980931
165.0 45.98854873364802
166.0 46.536422609243346
167.0 46.536422609243346
168.0 46.536422609243346
169.0 46.536422609243346
170.0 46.536422609243346
171.0 46.536422609243346
172.0 46.931060272036554
173.0 46.931060272036554
174.0 47.01196290809305
175.0 47.01196290809305
176.0 47.01196290809305
177.0 47.01196290809305
178.0 47.01196290809305
179.0 47.01196290809305
180.0 47.62550601155365
181.0 47.69581795715755
182.0 47.69581795715755
183.0 47.69581795715755
184.0 47.69581795715755
185.0 47.69581795715755
186.0 47.75815497320844
187.0 47.75815497320844
188.0 47.75815497320844
189.0 47.75815497320844
190.0 48.59682917772129
191.0 48.50966131259189
192.0 48.50966131259189
193.0 48.50966131259189
194.0 48.50966131259189
195.0 48.50966131259189
196.0 48.50966131259189
197.0 49.166159363588996
198.0 49.166159363588996
199.0 49.089632713281375
200.0 49.089632713281375
201.0 49.089632713281375
202.0 49.089632713281375
203.0 49.089632713281375
204.0 49.02009524058806
205.0 49.02009524058806
206.0 49.04021107817461
207.0 49.722113338405585
208.0 49.722113338405585
209.0 49.722113338405585
210.0 49.722113338405585
211.0 49.722113338405585
212.0 49.722113338405585
213.0 49.722113338405585
214.0 49.722113338405585
215.0 49.753277585071366
216.0 49.753277585071366
217.0 50.43488943486813
218.0 50.43488943486813
219.0 50.43488943486813
220.0 50.43488943486813
221.0 50.39055206579254
222.0 50.39055206579254
223.0 50.39055206579254
224.0 51.07081333405643
225.0 51.07081333405643
226.0 51.07081333405643
227.0 51.07081333405643
228.0 51.07081333405643
229.0 51.02440959189335
230.0 51.02440959189335
231.0 51.02440959189335
232.0 50.9652305784799
233.0 50.92454375308723
234.0 51.605960699685504
235.0 51.605960699685504
236.0 51.605960699685504
237.0 51.605960699685504
238.0 51.605960699685504
239.0 51.605960699685504
240.0 51.605960699685504
241.0 51.576832703026845
242.0 51.576832703026845
243.0 51.576832703026845
244.0 56.51502474128927
245.0 56.51502474128927
246.0 56.51502474128927
247.0 56.51502474128927
248.0 56.51502474128927
249.0 56.51502474128927
250.0 56.39443441144112
251.0 56.39443441144112
252.0 56.39443441144112
253.0 56.39443441144112
254.0 56.39443441144112
255.0 56.74967431271532
256.0 56.74967431271532
257.0 56.74967431271532
258.0 56.60338311115948
259.0 56.60338311115948
260.0 56.60338311115948
261.0 56.477341219661604
262.0 56.477341219661604
263.0 56.477341219661604
264.0 56.477341219661604
265.0 56.477341219661604
266.0 56.477341219661604
267.0 56.477341219661604
268.0 56.477341219661604
269.0 56.35369843839347
270.0 54.17628277680713
271.0 54.17628277680713
272.0 54.0412962631836
273.0 54.0412962631836
274.0 54.0412962631836
275.0 54.0412962631836
276.0 53.91093703477681
277.0 53.91093703477681
278.0 53.91093703477681
279.0 53.91093703477681
280.0 53.91093703477681
281.0 53.91093703477681
282.0 53.78293843513869
283.0 53.78293843513869
284.0 53.78293843513869
285.0 53.78293843513869
286.0 49.464877344603856
287.0 49.464877344603856
288.0 49.464877344603856
289.0 49.464877344603856
290.0 49.464877344603856
291.0 49.464877344603856
292.0 49.464877344603856
293.0 49.464877344603856
294.0 49.43450285043577
295.0 49.43450285043577
296.0 49.43450285043577
297.0 45.72319022765586
298.0 45.72319022765586
299.0 45.72319022765586
300.0 45.72319022765586
301.0 45.72319022765586
302.0 45.72319022765586
303.0 45.72319022765586
304.0 45.72319022765586
305.0 45.70955480666816
306.0 45.70955480666816
307.0 45.70955480666816
308.0 42.98223461661196
309.0 42.98223461661196
310.0 42.87505193689126
311.0 42.87505193689126
312.0 42.87505193689126
313.0 42.87505193689126
314.0 42.87505193689126
315.0 42.87505193689126
316.0 42.87505193689126
317.0 42.87505193689126
318.0 42.54950343270703
319.0 42.54950343270703
320.0 42.54950343270703
321.0 42.54950343270703
322.0 42.54950343270703
323.0 42.40487686544531
324.0 42.40487686544531
325.0 42.40487686544531
326.0 42.40487686544531
327.0 45.03612513852863
328.0 45.03612513852863
329.0 45.03612513852863
330.0 45.03612513852863
331.0 45.03612513852863
332.0 45.03612513852863
333.0 45.01105393516593
334.0 47.04515171335112
335.0 47.04515171335112
336.0 47.04515171335112
337.0 47.04515171335112
338.0 47.160031322621315
339.0 47.160031322621315
340.0 47.160031322621315
341.0 47.160031322621315
342.0 47.160031322621315
343.0 47.160031322621315
344.0 47.160031322621315
345.0 50.797553251386326
346.0 50.797553251386326
347.0 50.94095426787122
348.0 50.94095426787122
349.0 50.94095426787122
350.0 50.94095426787122
351.0 50.79161778514036
352.0 50.79161778514036
353.0 50.79161778514036
354.0 50.79161778514036
355.0 53.64584480161064
356.0 53.64584480161064
357.0 53.64584480161064
358.0 53.64584480161064
359.0 53.64584480161064
360.0 53.64584480161064
361.0 53.64584480161064
362.0 53.599073435960875
363.0 53.599073435960875
364.0 53.599073435960875
365.0 53.599073435960875
366.0 55.71501582232073
367.0 55.56507845481075
368.0 55.56507845481075
369.0 55.56507845481075
370.0 55.56507845481075
371.0 55.56507845481075
372.0 55.56507845481075
373.0 55.93706681158167
374.0 55.93706681158167
375.0 55.93706681158167
376.0 55.78864667550932
377.0 55.78864667550932
378.0 55.78864667550932
379.0 55.63864667550932
380.0 55.63864667550932
381.0 55.63864667550932
382.0 54.64830447735777
383.0 54.64830447735777
384.0 54.64830447735777
385.0 54.64830447735777
386.0 54.64830447735777
387.0 54.64830447735777
388.0 54.64830447735777
389.0 54.534132753248585
390.0 54.534132753248585
391.0 54.534132753248585
392.0 54.534132753248585
393.0 53.43158903254579
394.0 53.43158903254579
395.0 53.43158903254579
396.0 53.43158903254579
397.0 53.43158903254579
398.0 53.43158903254579
399.0 53.43158903254579
400.0 53.43158903254579
401.0 53.58137727181334
402.0 53.58137727181334
403.0 52.62291422166107
404.0 52.62291422166107
405.0 52.62291422166107
406.0 52.62291422166107
407.0 52.525624456610636
408.0 51.68964059286219
409.0 51.68964059286219
410.0 51.68964059286219
411.0 51.68964059286219
412.0 51.68964059286219
413.0 51.68964059286219
414.0 51.68964059286219
415.0 51.62099313050416
416.0 51.62099313050416
417.0 50.590652368092336
418.0 50.590652368092336
419.0 50.590652368092336
420.0 50.590652368092336
421.0 50.590652368092336
422.0 50.590652368092336
423.0 50.590652368092336
424.0 50.590652368092336
425.0 50.54376758409333
426.0 50.54376758409333
427.0 49.25320437517048
428.0 49.25320437517048
429.0 49.14892675665253
430.0 49.14892675665253
431.0 49.14892675665253
432.0 49.14892675665253
433.0 49.14892675665253
434.0 48.24927219181331
435.0 48.24927219181331
436.0 48.24927219181331
437.0 48.24927219181331
438.0 48.153400014116365
439.0 48.153400014116365
440.0 48.153400014116365
441.0 47.248802454764736
442.0 47.16119894127063
443.0 47.16119894127063
444.0 47.16119894127063
445.0 47.16119894127063
446.0 47.07170083260645
447.0 46.408007087933285
448.0 46.408007087933285
449.0 46.408007087933285
450.0 46.408007087933285
451.0 46.408007087933285
452.0 46.408007087933285
453.0 45.54170677280014
454.0 45.54170677280014
455.0 45.46104075625172
456.0 45.46104075625172
457.0 45.46104075625172
458.0 45.46104075625172
459.0 45.46104075625172
460.0 45.46104075625172
461.0 44.63876770558158
462.0 44.63876770558158
463.0 44.54596233362666
464.0 44.54596233362666
465.0 44.54596233362666
466.0 44.54596233362666
467.0 44.54596233362666
468.0 43.665097792683774
469.0 43.665097792683774
470.0 43.665097792683774
471.0 43.665097792683774
472.0 43.665097792683774
473.0 43.665097792683774
474.0 43.665097792683774
475.0 42.8485261623393
476.0 42.8485261623393
477.0 42.8485261623393
478.0 42.8485261623393
479.0 42.8485261623393
480.0 42.8485261623393
481.0 42.8485261623393
482.0 42.30122217940028
483.0 42.15466332021513
484.0 42.15466332021513
485.0 42.15466332021513
486.0 42.15466332021513
487.0 42.15466332021513
488.0 42.15466332021513
489.0 41.60492414065167
490.0 41.60492414065167
491.0 41.60492414065167
492.0 41.60492414065167
493.0 41.60492414065167
494.0 41.60492414065167
495.0 41.46224782475877
496.0 41.244732892979584
497.0 41.244732892979584
498.0 41.244732892979584
499.0 41.244732892979584
500.0 41.244732892979584
501.0 41.244732892979584
502.0 41.09557133628326
503.0 40.94969828938656
504.0 40.94969828938656
505.0 40.94969828938656
506.0 40.94969828938656
507.0 40.94969828938656
508.0 40.94969828938656
509.0 40.84610123240022
510.0 40.716332871468005
511.0 40.716332871468005
512.0 40.716332871468005
513.0 40.716332871468005
514.0 40.716332871468005
515.0 40.716332871468005
516.0 40.709565801523816
517.0 40.57009949275417
518.0 40.57009949275417
519.0 40.57009949275417
520.0 40.57009949275417
521.0 40.57009949275417
522.0 40.57009949275417
523.0 40.75897283710352
524.0 40.75897283710352
525.0 40.75897283710352
526.0 40.65525028800199
527.0 40.65525028800199
528.0 40.65525028800199
529.0 40.65525028800199
530.0 40.65525028800199
531.0 41.13911984019858
532.0 41.00371115361023
533.0 41.00371115361023
534.0 41.00371115361023
535.0 41.00371115361023
536.0 41.00371115361023
537.0 41.00371115361023
538.0 41.474608386972314
539.0 41.474608386972314
540.0 41.474608386972314
541.0 41.344999515023616
542.0 41.344999515023616
543.0 41.344999515023616
544.0 41.25454875670292
545.0 41.79818676468595
546.0 41.79818676468595
547.0 41.79818676468595
548.0 41.79818676468595
549.0 41.79818676468595
550.0 41.79818676468595
551.0 42.39660339666853
552.0 42.39660339666853
553.0 42.30992248797658
554.0 42.30992248797658
555.0 42.30992248797658
556.0 42.30992248797658
557.0 42.30992248797658
558.0 42.30992248797658
559.0 42.94643957145265
560.0 42.86595439109234
561.0 42.86595439109234
562.0 42.86595439109234
563.0 42.86595439109234
564.0 42.86595439109234
565.0 42.86595439109234
566.0 43.53052630807271
567.0 43.4570570298765
568.0 43.4570570298765
569.0 43.4570570298765
570.0 43.4570570298765
571.0 43.4570570298765
572.0 43.4570570298765
573.0 44.30665995698585
574.0 44.30665995698585
575.0 44.30665995698585
576.0 44.30665995698585
577.0 44.30665995698585
578.0 44.30665995698585
579.0 44.30665995698585
580.0 45.16442862693562
581.0 45.16442862693562
582.0 45.16442862693562
583.0 45.16442862693562
584.0 45.16442862693562
585.0 45.16442862693562
586.0 45.11231004358996
587.0 45.80478579437544
588.0 45.80478579437544
589.0 45.80478579437544
590.0 45.80478579437544
591.0 45.80478579437544
592.0 45.80478579437544
593.0 45.80478579437544
594.0 45.80478579437544
595.0 45.7785407891351
596.0 45.7785407891351
597.0 45.7785407891351
598.0 46.905305362976414
599.0 46.84693044186533
600.0 46.84693044186533
601.0 46.84693044186533
602.0 46.84693044186533
603.0 46.84693044186533
604.0 47.49055943377064
605.0 47.49055943377064
606.0 47.49055943377064
607.0 47.49055943377064
608.0 47.43274499819822
609.0 47.43274499819822
610.0 47.43274499819822
611.0 47.388602162264554
612.0 47.388602162264554
613.0 47.43900296857165
614.0 48.402741421744416
615.0 48.402741421744416
616.0 48.402741421744416
617.0 48.402741421744416
618.0 48.402741421744416
619.0 48.402741421744416
620.0 48.402741421744416
621.0 48.40847405443393
622.0 48.40847405443393
623.0 48.40847405443393
624.0 49.12613328140578
625.0 49.12613328140578
626.0 49.12613328140578
627.0 49.12613328140578
628.0 49.12613328140578
629.0 49.12613328140578
630.0 49.12613328140578
631.0 49.12613328140578
632.0 49.12613328140578
633.0 49.13788038966937
634.0 49.13788038966937
635.0 49.87477449364108
636.0 49.87477449364108
637.0 49.87477449364108
638.0 49.87477449364108
639.0 49.87477449364108
640.0 49.87477449364108
641.0 49.87477449364108
642.0 49.87477449364108
643.0 49.72477449364107
644.0 49.72477449364107
645.0 50.158313982844476
646.0 50.158313982844476
647.0 50.158313982844476
648.0 50.158313982844476
649.0 50.158313982844476
650.0 50.158313982844476
651.0 50.158313982844476
652.0 50.158313982844476
653.0 50.10885374597875
654.0 50.10885374597875
655.0 50.10885374597875
656.0 50.593852400595644
657.0 50.593852400595644
658.0 50.593852400595644
659.0 50.593852400595644
660.0 50.593852400595644
661.0 50.593852400595644
662.0 50.593852400595644
663.0 50.550151209481456
664.0 50.550151209481456
665.0 50.550151209481456
666.0 50.550151209481456
667.0 51.01894582897598
668.0 51.01894582897598
669.0 51.01894582897598
670.0 51.01894582897598
671.0 51.01894582897598
672.0 51.01894582897598
673.0 51.01894582897598
674.0 51.01894582897598
675.0 50.90257904105071
676.0 50.90257904105071
677.0 50.90257904105071
678.0 51.330387212294056
679.0 51.29403558009702
680.0 51.29403558009702
681.0 51.29403558009702
682.0 51.29403558009702
683.0 51.29403558009702
684.0 51.29403558009702
685.0 51.43155450020385
686.0 51.43155450020385
687.0 51.43155450020385
688.0 51.43155450020385
689.0 51.43155450020385
690.0 51.43155450020385
691.0 51.44008826896557
692.0 51.44008826896557
693.0 51.44008826896557
694.0 51.44008826896557
695.0 51.380215391199755
696.0 51.380215391199755
697.0 51.380215391199755
698.0 51.380215391199755
699.0 51.380215391199755
700.0 51.380215391199755
701.0 51.380215391199755
702.0 51.380215391199755
703.0 51.261503162165184
704.0 51.261503162165184
705.0 51.261503162165184
706.0 51.08964784125434
707.0 51.08964784125434
708.0 51.08964784125434
709.0 51.08964784125434
710.0 51.08964784125434
711.0 51.08964784125434
712.0 51.08964784125434
713.0 51.08964784125434
714.0 50.94806505440988
715.0 50.94806505440988
716.0 50.94806505440988
717.0 50.660871732826095
718.0 50.660871732826095
719.0 50.660871732826095
720.0 50.660871732826095
721.0 50.660871732826095
722.0 50.660871732826095
723.0 50.660871732826095
724.0 50.5108717328261
725.0 50.5108717328261
726.0 50.5108717328261
727.0 50.40137954620044
728.0 50.19429877080413
729.0 50.19429877080413
730.0 50.19429877080413
731.0 50.19429877080413
732.0 50.19429877080413
733.0 50.19429877080413
734.0 50.19429877080413
735.0 50.19429877080413
736.0 50.07344866309033
737.0 50.07344866309033
738.0 50.07344866309033
739.0 49.824165389329906
740.0 49.824165389329906
741.0 49.824165389329906
742.0 49.7030053934434
743.0 49.7030053934434
744.0 49.7030053934434
745.0 49.7030053934434
746.0 49.4958623049022
747.0 49.4958623049022
748.0 49.4958623049022
749.0 49.4958623049022
750.0 49.4958623049022
751.0 49.4958623049022
752.0 49.24153918070661
753.0 49.24153918070661
754.0 49.14622701772525
755.0 49.14622701772525
756.0 49.14622701772525
757.0 49.14622701772525
758.0 49.14622701772525
759.0 49.14622701772525
760.0 48.829703992162415
761.0 48.829703992162415
762.0 48.74885628849433
763.0 48.74885628849433
764.0 48.74885628849433
765.0 48.74885628849433
766.0 48.52255695423291
767.0 48.52255695423291
768.0 48.52255695423291
769.0 48.52255695423291
770.0 48.52255695423291
771.0 48.52255695423291
772.0 48.52255695423291
773.0 48.20229717375159
774.0 48.20229717375159
775.0 48.20229717375159
776.0 48.20229717375159
777.0 48.20229717375159
778.0 48.20229717375159
779.0 48.20229717375159
780.0 47.89695772599695
781.0 47.89695772599695
782.0 47.89695772599695
783.0 47.89695772599695
784.0 47.89695772599695
785.0 47.89695772599695
786.0 47.89695772599695
787.0 47.6288047897308
788.0 47.6288047897308
789.0 47.6288047897308
790.0 47.6288047897308
791.0 47.6288047897308
792.0 47.6288047897308
793.0 47.6288047897308
794.0 47.204479516717356
795.0 47.31593332634288
796.0 47.31593332634288
797.0 47.31593332634288
798.0 47.31593332634288
799.0 47.31593332634288
800.0 47.31593332634288
801.0 47.09960482469592
802.0 47.09960482469592
803.0 47.09960482469592
804.0 47.09960482469592
805.0 47.09960482469592
806.0 47.09960482469592
807.0 47.09960482469592
808.0 46.59237565044844
809.0 46.59237565044844
810.0 46.59237565044844
811.0 46.59237565044844
812.0 46.59237565044844
813.0 46.59237565044844
814.0 46.668954733151125
815.0 46.26042286054091
816.0 46.26042286054091
817.0 46.26042286054091
818.0 46.26042286054091
819.0 46.26042286054091
820.0 46.26042286054091
821.0 45.98139726250523
822.0 45.98139726250523
823.0 46.02514506438494
824.0 46.02514506438494
825.0 46.02514506438494
826.0 46.02514506438494
827.0 46.02514506438494
828.0 46.02514506438494
829.0 45.58764558249732
830.0 45.58764558249732
831.0 45.61047694124783
832.0 45.61047694124783
833.0 45.61047694124783
834.0 45.61047694124783
835.0 45.61047694124783
836.0 45.02119459789634
837.0 45.02119459789634
838.0 45.02119459789634
839.0 45.02119459789634
840.0 45.02119459789634
841.0 45.02119459789634
842.0 45.02119459789634
843.0 44.39477281762265
844.0 44.39477281762265
845.0 44.39477281762265
846.0 44.39477281762265
847.0 44.39477281762265
848.0 44.39477281762265
849.0 44.39477281762265
850.0 43.73221103506094
851.0 43.73221103506094
852.0 43.73221103506094
853.0 43.73221103506094
854.0 43.73221103506094
855.0 43.73221103506094
856.0 43.71519832006773
857.0 43.05225747995775
858.0 43.05225747995775
859.0 43.05225747995775
860.0 43.05225747995775
861.0 43.05225747995775
862.0 43.05225747995775
863.0 42.5793676997458
864.0 42.536994021423425
865.0 42.536994021423425
866.0 42.536994021423425
867.0 42.536994021423425
868.0 42.536994021423425
869.0 42.536994021423425
870.0 41.96492076303596
871.0 41.96492076303596
872.0 41.920991400775904
873.0 41.920991400775904
874.0 41.920991400775904
875.0 41.920991400775904
876.0 41.920991400775904
877.0 41.920991400775904
878.0 41.46739785126507
879.0 41.39384359455345
880.0 41.39384359455345
881.0 41.39384359455345
882.0 41.39384359455345
883.0 41.39384359455345
884.0 41.39384359455345
885.0 41.135793663755955
886.0 41.135793663755955
887.0 41.135793663755955
888.0 41.135793663755955
889.0 41.135793663755955
890.0 41.135793663755955
891.0 41.135793663755955
892.0 40.89659716714136
893.0 40.89659716714136
894.0 40.89659716714136
895.0 40.89659716714136
896.0 40.89659716714136
897.0 40.89659716714136
898.0 40.89659716714136
899.0 40.732513956784885
900.0 40.732513956784885
901.0 40.732513956784885
902.0 40.732513956784885
903.0 40.732513956784885
904.0 40.732513956784885
905.0 40.732513956784885
906.0 40.586670431522094
907.0 40.586670431522094
908.0 40.586670431522094
909.0 40.586670431522094
910.0 40.586670431522094
911.0 40.586670431522094
912.0 40.586670431522094
913.0 40.58258174935458
914.0 40.462691225677986
915.0 40.462691225677986
916.0 40.462691225677986
917.0 40.462691225677986
918.0 40.462691225677986
919.0 40.462691225677986
920.0 40.41116255083755
921.0 40.41116255083755
922.0 40.41116255083755
923.0 40.41116255083755
924.0 40.41116255083755
925.0 40.41116255083755
926.0 40.41116255083755
927.0 40.31249413463452
928.0 40.31249413463452
929.0 40.31249413463452
930.0 40.31249413463452
931.0 40.44154462108303
932.0 40.53363361793745
933.0 40.53363361793745
934.0 40.53363361793745
935.0 40.53363361793745
936.0 40.53363361793745
937.0 40.682311778862456
938.0 40.682311778862456
939.0 40.682311778862456
940.0 40.77458720721013
941.0 40.77458720721013
942.0 40.77458720721013
943.0 40.77458720721013
944.0 40.898227877997634
945.0 40.99043871750656
946.0 40.99043871750656
947.0 40.99043871750656
948.0 40.99043871750656
949.0 40.99043871750656
950.0 40.99043871750656
951.0 41.08389596260825
952.0 41.08389596260825
953.0 41.08389596260825
954.0 41.30994581154439
955.0 41.30994581154439
956.0 41.30994581154439
957.0 41.30994581154439
958.0 41.30994581154439
959.0 41.30994581154439
960.0 41.30994581154439
961.0 41.30994581154439
962.0 41.33991867378207
963.0 41.33991867378207
964.0 41.190064078382825
965.0 41.59904892689697
966.0 41.59904892689697
967.0 41.59904892689697
968.0 41.59904892689697
969.0 41.59904892689697
970.0 41.59904892689697
971.0 41.59904892689697
972.0 41.59904892689697
973.0 41.4495109842474
974.0 41.4495109842474
975.0 41.77662929033615
976.0 41.77662929033615
977.0 41.77662929033615
978.0 41.77662929033615
979.0 41.77662929033615
980.0 41.77662929033615
981.0 41.77662929033615
982.0 41.77662929033615
983.0 41.72655140690607
984.0 41.72655140690607
985.0 41.72655140690607
986.0 42.34414624055592
987.0 42.34414624055592
988.0 42.34414624055592
989.0 42.34414624055592
990.0 42.34414624055592
991.0 42.34414624055592
992.0 42.34414624055592
993.0 42.34414624055592
994.0 42.34414624055592
995.0 42.48472045959788
996.0 42.48472045959788
997.0 43.254421873029756
998.0 43.254421873029756
999.0 43.254421873029756
1000.0 43.254421873029756
1001.0 43.254421873029756
1002.0 43.254421873029756
1003.0 43.254421873029756
1004.0 43.254421873029756
1005.0 43.32079730047786
1006.0 43.32079730047786
1007.0 43.32079730047786
1008.0 43.790893463244416
1009.0 43.790893463244416
1010.0 43.790893463244416
1011.0 43.790893463244416
1012.0 43.790893463244416
1013.0 43.790893463244416
1014.0 43.790893463244416
1015.0 43.790893463244416
1016.0 43.64089346324442
1017.0 43.64089346324442
1018.0 43.64089346324442
1019.0 44.57385828892219
1020.0 44.57385828892219
1021.0 44.57385828892219
1022.0 44.57385828892219
1023.0 44.57385828892219
1024.0 44.57385828892219
1025.0 44.57385828892219
1026.0 44.674838541044075
1027.0 44.674838541044075
1028.0 44.674838541044075
1029.0 44.791868766211145
1030.0 45.41607546756766
1031.0 45.41607546756766
1032.0 45.41607546756766
1033.0 45.41607546756766
1034.0 45.41607546756766
1035.0 45.41607546756766
1036.0 45.41607546756766
1037.0 45.41607546756766
1038.0 45.53487484700429
1039.0 45.53487484700429
1040.0 45.43233857749905
1041.0 46.24924888885353
1042.0 46.24924888885353
1043.0 46.24924888885353
1044.0 46.24924888885353
1045.0 46.24924888885353
1046.0 46.24924888885353
1047.0 46.24924888885353
1048.0 46.17142425337875
1049.0 46.17142425337875
1050.0 46.17142425337875
1051.0 46.17142425337875
1052.0 46.803204117085684
1053.0 46.803204117085684
1054.0 46.803204117085684
1055.0 46.803204117085684
1056.0 46.803204117085684
1057.0 46.803204117085684
1058.0 46.803204117085684
1059.0 46.803204117085684
1060.0 46.716965289739925
1061.0 46.716965289739925
1062.0 46.716965289739925
1063.0 47.260328526439366
1064.0 47.260328526439366
1065.0 47.260328526439366
1066.0 47.260328526439366
1067.0 47.260328526439366
1068.0 47.260328526439366
1069.0 47.260328526439366
1070.0 47.275907108042816
1071.0 47.275907108042816
1072.0 47.275907108042816
1073.0 47.275907108042816
1074.0 47.79399086792272
1075.0 47.79399086792272
1076.0 47.79399086792272
1077.0 47.79399086792272
1078.0 47.79399086792272
1079.0 47.79399086792272
1080.0 47.79399086792272
1081.0 47.79399086792272
1082.0 47.7969666220398
1083.0 47.7969666220398
1084.0 47.7969666220398
1085.0 47.94158010533419
1086.0 47.94158010533419
1087.0 47.94158010533419
1088.0 47.94158010533419
1089.0 47.94158010533419
1090.0 47.94158010533419
1091.0 47.94158010533419
1092.0 47.791580105334184
1093.0 47.791580105334184
1094.0 47.791580105334184
1095.0 47.8243208627396
1096.0 48.23501710086908
1097.0 48.23501710086908
1098.0 48.23501710086908
1099.0 48.23501710086908
1100.0 48.23501710086908
1101.0 48.23501710086908
1102.0 48.26790112848287
1103.0 48.26790112848287
1104.0 48.26790112848287
1105.0 48.26790112848287
1106.0 48.26790112848287
1107.0 48.6209149352577
1108.0 48.6209149352577
1109.0 48.6209149352577
1110.0 48.6209149352577
1111.0 48.6209149352577
1112.0 48.6209149352577
1113.0 48.6209149352577
1114.0 48.49216907084861
1115.0 48.49216907084861
1116.0 48.49216907084861
1117.0 48.49216907084861
1118.0 48.81369218945473
1119.0 48.81369218945473
1120.0 48.81369218945473
1121.0 48.81369218945473
1122.0 48.81369218945473
1123.0 48.81369218945473
1124.0 48.81369218945473
1125.0 48.86427736292764
1126.0 48.86427736292764
1127.0 48.86427736292764
1128.0 48.86427736292764
1129.0 49.04459744582982
1130.0 49.04459744582982
1131.0 49.04459744582982
1132.0 49.04459744582982
1133.0 49.04459744582982
1134.0 49.04459744582982
1135.0 49.06902551960598
1136.0 49.06902551960598
1137.0 49.06902551960598
1138.0 49.06902551960598
1139.0 49.06902551960598
1140.0 49.40914676241709
1141.0 49.40914676241709
1142.0 49.40914676241709
1143.0 49.40914676241709
1144.0 49.40914676241709
1145.0 49.40914676241709
1146.0 49.40914676241709
1147.0 49.40914676241709
1148.0 49.401825063252915
1149.0 49.401825063252915
1150.0 49.401825063252915
1151.0 49.556939403266604
1152.0 49.556939403266604
1153.0 49.556939403266604
1154.0 49.556939403266604
1155.0 49.556939403266604
1156.0 49.556939403266604
1157.0 49.556939403266604
1158.0 49.428752527515876
1159.0 49.428752527515876
1160.0 49.428752527515876
1161.0 49.428752527515876
1162.0 49.56318329415901
1163.0 49.56318329415901
1164.0 49.56318329415901
1165.0 49.56318329415901
1166.0 49.56318329415901
1167.0 49.56318329415901
1168.0 49.41376841108555
1169.0 49.41376841108555
1170.0 49.41376841108555
1171.0 49.41376841108555
1172.0 49.41376841108555
1173.0 49.755631457376076
1174.0 49.755631457376076
1175.0 49.755631457376076
1176.0 49.755631457376076
1177.0 49.755631457376076
1178.0 49.755631457376076
1179.0 49.755631457376076
1180.0 49.631331209308314
1181.0 49.631331209308314
1182.0 49.631331209308314
1183.0 49.631331209308314
1184.0 49.82586159595037
1185.0 49.82586159595037
1186.0 49.82586159595037
1187.0 49.82586159595037
1188.0 49.82586159595037
1189.0 49.82586159595037
1190.0 49.82586159595037
1191.0 49.82586159595037
1192.0 49.71021068185459
1193.0 49.71021068185459
1194.0 49.71021068185459
1195.0 50.050232007484034
1196.0 50.050232007484034
1197.0 50.050232007484034
1198.0 50.050232007484034
1199.0 50.050232007484034
1200.0 50.050232007484034
1201.0 50.050232007484034
1202.0 50.199874378137956
1203.0 50.199874378137956
1204.0 50.199874378137956
1205.0 50.199874378137956
1206.0 50.33654616832778
1207.0 50.33654616832778
1208.0 50.33654616832778
1209.0 50.33654616832778
1210.0 50.33654616832778
1211.0 50.33654616832778
1212.0 50.33654616832778
1213.0 50.42206423259532
1214.0 50.42206423259532
1215.0 50.42206423259532
1216.0 50.42206423259532
1217.0 50.32633251932531
1218.0 50.32633251932531
1219.0 50.32633251932531
1220.0 50.32633251932531
1221.0 50.32633251932531
1222.0 50.32633251932531
1223.0 50.32633251932531
1224.0 50.315025468315525
1225.0 50.315025468315525
1226.0 50.315025468315525
1227.0 50.315025468315525
1228.0 49.99493521788357
1229.0 49.99493521788357
1230.0 49.99493521788357
1231.0 49.99493521788357
1232.0 49.99493521788357
1233.0 49.99493521788357
1234.0 49.99493521788357
1235.0 49.99493521788357
1236.0 49.84493521788357
1237.0 49.84493521788357
1238.0 49.84493521788357
1239.0 49.46206853924158
1240.0 49.46206853924158
1241.0 49.46206853924158
1242.0 49.46206853924158
1243.0 49.46206853924158
1244.0 49.46206853924158
1245.0 49.46206853924158
1246.0 49.46206853924158
1247.0 49.46206853924158
1248.0 49.331310474991795
1249.0 49.234544732557225
1250.0 48.92394865509491
1251.0 48.92394865509491
1252.0 48.92394865509491
1253.0 48.92394865509491
1254.0 48.92394865509491
1255.0 48.92394865509491
1256.0 48.92394865509491
1257.0 48.83631918228736
1258.0 48.83631918228736
1259.0 48.83631918228736
1260.0 48.83631918228736
1261.0 48.618500740803015
1262.0 48.618500740803015
1263.0 48.618500740803015
1264.0 48.618500740803015
1265.0 48.618500740803015
1266.0 48.618500740803015
1267.0 48.618500740803015
1268.0 48.618500740803015
1269.0 48.64817537838958
1270.0 48.64817537838958
1271.0 48.64817537838958
1272.0 48.4478672652679
1273.0 48.34849665274592
1274.0 48.34849665274592
1275.0 48.34849665274592
1276.0 48.34849665274592
1277.0 48.34849665274592
1278.0 48.34849665274592
1279.0 48.209722369262806
1280.0 48.209722369262806
1281.0 48.209722369262806
1282.0 48.209722369262806
1283.0 48.12196718166791
1284.0 48.12196718166791
1285.0 48.12196718166791
1286.0 48.04634104427426
1287.0 48.04634104427426
1288.0 47.81408081442082
1289.0 47.81408081442082
1290.0 47.81408081442082
1291.0 47.81408081442082
1292.0 47.959296146114895
1293.0 47.959296146114895
1294.0 47.959296146114895
1295.0 47.69116770222049
1296.0 47.69116770222049
1297.0 47.69116770222049
1298.0 47.69116770222049
1299.0 47.69116770222049
1300.0 47.69116770222049
1301.0 47.82809159440297
1302.0 47.82809159440297
1303.0 47.82809159440297
1304.0 47.965778201045744
1305.0 47.6215607753096
1306.0 47.6215607753096
1307.0 47.6215607753096
1308.0 47.6215607753096
1309.0 47.6215607753096
1310.0 47.6215607753096
1311.0 47.6215607753096
1312.0 47.6215607753096
1313.0 47.634295906845544
1314.0 47.634295906845544
1315.0 47.634295906845544
1316.0 47.143723376918466
1317.0 47.143723376918466
1318.0 47.143723376918466
1319.0 47.143723376918466
1320.0 47.143723376918466
1321.0 47.143723376918466
1322.0 47.143723376918466
1323.0 47.143723376918466
1324.0 46.99372337691847
1325.0 46.99372337691847
1326.0 46.630900386860716
1327.0 46.53313639755691
1328.0 46.53313639755691
1329.0 46.53313639755691
1330.0 46.53313639755691
1331.0 46.53313639755691
1332.0 46.53313639755691
1333.0 46.05851593131398
1334.0 46.05851593131398
1335.0 46.05851593131398
1336.0 46.05851593131398
1337.0 46.05851593131398
1338.0 45.99020319846238
1339.0 45.99020319846238
1340.0 45.99020319846238
1341.0 45.99020319846238
1342.0 45.99020319846238
1343.0 45.52081003197382
1344.0 45.52081003197382
1345.0 45.52081003197382
1346.0 45.52081003197382
1347.0 45.52081003197382
1348.0 45.52081003197382
1349.0 45.52081003197382
1350.0 45.52081003197382
1351.0 45.48715997145765
1352.0 45.48715997145765
1353.0 45.48715997145765
1354.0 44.973709057564655
1355.0 44.973709057564655
1356.0 44.973709057564655
1357.0 44.973709057564655
1358.0 44.973709057564655
1359.0 44.973709057564655
1360.0 44.973709057564655
1361.0 44.973709057564655
1362.0 44.89211116121375
1363.0 44.89211116121375
1364.0 44.94417741529041
1365.0 44.37420168391045
1366.0 44.37420168391045
1367.0 44.37420168391045
1368.0 44.37420168391045
1369.0 44.37420168391045
1370.0 44.37420168391045
1371.0 44.37420168391045
1372.0 44.468123236654904
1373.0 44.468123236654904
1374.0 44.468123236654904
1375.0 44.468123236654904
1376.0 44.05052016472851
1377.0 44.059939024769584
1378.0 44.059939024769584
1379.0 44.059939024769584
1380.0 44.059939024769584
1381.0 44.059939024769584
1382.0 44.059939024769584
1383.0 43.79572314808872
1384.0 43.79572314808872
1385.0 43.79572314808872
1386.0 43.79572314808872
1387.0 43.79572314808872
1388.0 43.79572314808872
1389.0 43.79572314808872
1390.0 43.813514155050065
1391.0 43.813514155050065
1392.0 43.813514155050065
1393.0 43.26746672864019
1394.0 43.26746672864019
1395.0 43.26746672864019
1396.0 43.26746672864019
1397.0 43.26746672864019
1398.0 43.26746672864019
1399.0 43.26746672864019
1400.0 43.258764639261855
1401.0 43.258764639261855
1402.0 43.258764639261855
1403.0 43.258764639261855
1404.0 42.898619071157086
1405.0 42.898619071157086
1406.0 42.898619071157086
1407.0 42.7487864952369
1408.0 42.7487864952369
1409.0 42.7487864952369
1410.0 42.7487864952369
1411.0 42.53044277055033
1412.0 42.53044277055033
1413.0 42.53044277055033
1414.0 42.53044277055033
1415.0 42.53044277055033
1416.0 42.53044277055033
1417.0 42.380680335530904
1418.0 42.380680335530904
1419.0 42.380680335530904
1420.0 41.796880630823075
1421.0 41.796880630823075
1422.0 41.796880630823075
1423.0 41.796880630823075
1424.0 41.796880630823075
1425.0 41.796880630823075
1426.0 41.796880630823075
1427.0 41.64688063082308
1428.0 41.64688063082308
1429.0 41.64688063082308
1430.0 41.64688063082308
1431.0 41.3480999844268
1432.0 41.3480999844268
1433.0 41.3480999844268
1434.0 41.3480999844268
1435.0 41.3480999844268
1436.0 41.3480999844268
1437.0 41.362470814167054
1438.0 41.362470814167054
1439.0 41.362470814167054
1440.0 41.362470814167054
1441.0 41.231909856961714
1442.0 41.324144449551305
1443.0 41.324144449551305
1444.0 41.324144449551305
1445.0 41.324144449551305
1446.0 41.324144449551305
1447.0 41.324144449551305
1448.0 41.28859061576303
1449.0 41.28859061576303
1450.0 41.28859061576303
1451.0 41.40940519987434
1452.0 41.40940519987434
1453.0 41.40940519987434
1454.0 41.40940519987434
1455.0 41.40940519987434
1456.0 41.40940519987434
1457.0 41.36332491109477
1458.0 41.504375761377226
1459.0 41.504375761377226
1460.0 41.504375761377226
1461.0 41.504375761377226
1462.0 41.504375761377226
1463.0 41.504375761377226
1464.0 41.375702510678444
1465.0 41.375702510678444
1466.0 41.375702510678444
1467.0 41.375702510678444
1468.0 41.50320450802561
1469.0 41.397982375636936
1470.0 41.397982375636936
1471.0 41.397982375636936
1472.0 41.397982375636936
1473.0 41.397982375636936
1474.0 41.52359972880598
1475.0 41.52359972880598
1476.0 41.52359972880598
1477.0 41.411358255816204
1478.0 41.411358255816204
1479.0 41.411358255816204
1480.0 41.411358255816204
1481.0 41.411358255816204
1482.0 41.29370716292649
1483.0 41.29370716292649
1484.0 41.526795267900965
1485.0 41.526795267900965
1486.0 41.526795267900965
1487.0 41.526795267900965
1488.0 41.526795267900965
1489.0 41.526795267900965
1490.0 41.526795267900965
1491.0 41.393872289274626
1492.0 41.393872289274626
1493.0 41.393872289274626
1494.0 41.393872289274626
1495.0 41.60979348767319
1496.0 41.60979348767319
1497.0 41.60979348767319
1498.0 41.60979348767319
1499.0 41.60979348767319
1500.0 41.60979348767319
#####################################################################
# End of data export. Simulation finished at: 2024-05-30T14:25+0000 #
#####################################################################
