#####################################################################
# Alchemist log file - simulation started at: 2024-06-03T18:13+0000 #
#####################################################################
#
# agentFrequency = 4.0, speed = 1.0, variance = 0.8999999999999999, numberOfDrones = 16, seed = 25.0
#
# The columns have the following meaning: 
# time error 
0.0 1032.1640159034841
0.0 1032.1640159034841
1.0 1028.6869955707546
2.0 1049.7803312544793
3.0 1084.4387165628495
4.0 1156.0463781544058
5.0 1253.5249473838612
6.0 1239.4926903663104
7.0 1223.4804892269071
8.0 1212.7851079402017
9.0 1205.913386601849
10.0 1201.1047414487325
11.0 1197.1306372752342
12.0 1188.8847568313386
13.0 1182.1268121475164
14.0 1178.5359380113866
15.0 1179.110482084177
16.0 1178.2098265055968
17.0 1177.1766391059587
18.0 1177.1766391059587
19.0 1175.8311114392586
20.0 1174.8230888617168
21.0 1174.8230888617168
22.0 1171.119374642211
23.0 1159.8918442805275
24.0 1150.664313918844
25.0 1141.619109406662
26.0 1136.4709150486149
27.0 1133.3227206905678
28.0 1130.9736721913566
29.0 1129.7571760691274
30.0 1129.2541278739125
31.0 1127.6751259332639
32.0 1126.8442415298143
33.0 1127.9122059618148
34.0 1127.610405902643
35.0 1128.0732717983049
36.0 1120.5395363026087
37.0 1112.8854821562009
38.0 1106.452587628375
39.0 1102.0823824643728
40.0 1101.890356221554
41.0 1102.0344615482875
42.0 1102.6823095123407
43.0 1106.6194178503342
44.0 1104.8738408531087
45.0 1102.1053679211345
46.0 1102.0916121174296
47.0 1101.5387677270933
48.0 1102.1411089768692
49.0 1102.0550890420168
50.0 1102.6337373694223
51.0 1102.6337373694223
52.0 1102.6235700849925
53.0 1103.177930085722
54.0 1100.799871977505
55.0 1100.4501817088535
56.0 1100.9796819482474
57.0 1100.1082765447795
58.0 1098.989906801959
59.0 1098.185438114466
60.0 1096.5036556975601
61.0 1093.7788105793668
62.0 1093.080826930439
63.0 1093.558992017242
64.0 1093.1686892794341
65.0 1093.1686892794341
66.0 1093.6204296365795
67.0 1092.2270312025469
68.0 1093.2638388439134
69.0 1094.6609668755023
70.0 1098.449841736588
71.0 1100.1466725084415
72.0 1100.8339649499926
73.0 1098.7134035233416
74.0 1095.3408010489186
75.0 1094.1862470104313
76.0 1093.0245649518176
77.0 1090.7287696894855
78.0 1090.2945235231389
79.0 1089.8300487340268
80.0 1087.6884504624977
81.0 1087.6884504624977
82.0 1087.4595996265632
83.0 1086.4834257321172
84.0 1087.7804656619262
85.0 1086.2840897906415
86.0 1083.6052284958403
87.0 1081.0088473005171
88.0 1080.373583890268
89.0 1079.2835083669443
90.0 1077.1572703643974
91.0 1074.98186386705
92.0 1073.0811798150671
93.0 1073.0811798150671
94.0 1072.1048929517215
95.0 1070.700586054185
96.0 1069.5259880257217
97.0 1068.4777696994051
98.0 1062.294891062951
99.0 1057.7330091516665
100.0 1054.0257842274316
101.0 1046.8003401670735
102.0 1046.0910241334402
103.0 1048.2743068138773
104.0 1048.2743068138773
105.0 1046.9596940233419
106.0 1045.7831072013676
107.0 1043.488810800026
108.0 1043.5971550060924
109.0 1041.7046446620927
110.0 1039.2665967382625
111.0 1036.2440535727249
112.0 1034.2786082924424
113.0 1030.1176080187831
114.0 1028.6910660708943
115.0 1025.7056060744223
116.0 1024.2050952134905
117.0 1024.2050952134905
118.0 1022.6917813683617
119.0 1019.647373116543
120.0 996.9054753699668
121.0 978.7990733492445
122.0 964.6179357367869
123.0 951.8487914051277
124.0 938.5811719743502
125.0 928.7777483980528
126.0 922.8825202706279
127.0 923.0947601334794
128.0 923.4186607993586
129.0 923.0413981694469
130.0 920.5301767365684
131.0 919.02372219273
132.0 915.8236472274489
133.0 915.697514402826
134.0 914.4541793141244
135.0 914.398714177005
136.0 914.8339088351258
137.0 914.8064044848836
138.0 914.8064044848836
139.0 912.7362671842408
140.0 911.9574680965965
141.0 911.3942209944101
142.0 911.3287681104712
143.0 910.446919957857
144.0 910.9473923882629
145.0 907.6057741634177
146.0 911.1148840741866
147.0 913.0903707451134
148.0 911.6622795455307
149.0 912.2557011277045
150.0 912.8956809506554
151.0 912.2892476106782
152.0 911.5894151766264
153.0 911.5894151766264
154.0 908.4260717070064
155.0 906.9676091870147
156.0 905.0603307690051
157.0 896.8091982535242
158.0 892.8147903070952
159.0 890.7989368784405
160.0 885.9510308375352
161.0 882.6111505694034
162.0 880.3800648175031
163.0 878.8887527086698
164.0 878.7865264963
165.0 878.1239304710629
166.0 876.2595429690837
167.0 876.1222165509876
168.0 874.0448124306076
169.0 871.3781115025374
170.0 870.9409153540255
171.0 855.3826454967714
172.0 837.5724401268191
173.0 823.6174092401905
174.0 811.5574297938658
175.0 799.7750468412756
176.0 790.4656934339569
177.0 784.7574827750113
178.0 781.1030548187736
179.0 781.1030548187736
180.0 779.5843188366802
181.0 779.0171987549078
182.0 778.7137550150393
183.0 778.7137550150393
184.0 777.810748428104
185.0 778.2311853008111
186.0 777.5733192968576
187.0 775.399899190036
188.0 773.7905570342436
189.0 771.7877692658196
190.0 768.6270704353707
191.0 765.0333681605389
192.0 764.6627875952278
193.0 759.5188831614643
194.0 758.886505478307
195.0 762.4400988651694
196.0 759.1715673165974
197.0 758.8134320081748
198.0 757.1195263799943
199.0 753.9238853264171
200.0 753.590742542069
201.0 750.5099834862007
202.0 743.4837377929812
203.0 742.9690307293461
204.0 742.3424881161332
205.0 737.6856519897557
206.0 735.6527796796901
207.0 731.092462390247
208.0 727.0174066600631
209.0 722.1252440003736
210.0 720.9307791952446
211.0 717.9335663941068
212.0 714.054691281219
213.0 706.5347252607081
214.0 701.1379864956539
215.0 708.2491554488048
216.0 705.3939019952179
217.0 691.160007826219
218.0 687.5295027317156
219.0 686.9769518537155
220.0 682.0386860489804
221.0 679.1955116403426
222.0 678.0289068321424
223.0 674.3314367373354
224.0 671.9037345753742
225.0 671.4632154798261
226.0 661.388344190256
227.0 656.6629717719915
228.0 656.2464764676672
229.0 649.0331074820101
230.0 647.7618105035002
231.0 646.73652728488
232.0 641.9820286462315
233.0 641.8298523206704
234.0 641.6906645336435
235.0 636.7163520099193
236.0 637.5811579198056
237.0 637.5811579198056
238.0 633.1623440985062
239.0 633.4857777204138
240.0 633.4857777204138
241.0 629.1611503701208
242.0 629.1611503701208
243.0 629.026989541992
244.0 624.9273864757727
245.0 624.9273864757727
246.0 625.0249173490921
247.0 620.664201567041
248.0 620.8659972106616
249.0 620.8659972106616
250.0 616.5993338291202
251.0 616.7407282698158
252.0 619.1041866134312
253.0 616.3789588721401
254.0 617.5116128684683
255.0 617.0678469218086
256.0 611.1948201224582
257.0 611.4207116851209
258.0 611.4207116851209
259.0 608.1288375874241
260.0 605.393312719208
261.0 605.2564127761519
262.0 601.5835561942515
263.0 596.7445658569169
264.0 594.9561206872137
265.0 578.2189215171762
266.0 562.7274416487662
267.0 547.7907598515458
268.0 532.6705807895029
269.0 522.8199938354278
270.0 514.2069106018437
271.0 506.7878023112962
272.0 504.33808446556407
273.0 506.6403577540468
274.0 506.36617013035476
275.0 507.11179100101157
276.0 508.5658538869921
277.0 507.6677556301894
278.0 511.69005450650207
279.0 510.68824723317573
280.0 509.8579292336452
281.0 507.71609551890936
282.0 509.17113305554653
283.0 509.4507272867467
284.0 510.35615456137026
285.0 510.61826235824986
286.0 511.51770594220613
287.0 512.4072679906974
288.0 512.8635905257087
289.0 512.9610251843927
290.0 514.4154883435276
291.0 514.9211487338904
292.0 516.2621946178407
293.0 518.6307034231498
294.0 518.6307034231498
295.0 518.9193429954332
296.0 520.2586091895846
297.0 518.6617837830869
298.0 523.1887644197399
299.0 524.2328109215046
300.0 521.4894252656079
301.0 519.7492066001038
302.0 518.5211300570586
303.0 519.596229399185
304.0 517.6450449945803
305.0 518.4426337472424
306.0 517.7518965525635
307.0 518.332351386355
308.0 519.6641889908065
309.0 516.459814180738
310.0 515.01201976622
311.0 513.0379100996845
312.0 512.8304193115672
313.0 513.5821654806882
314.0 515.7793322920948
315.0 516.8824389496714
316.0 517.0112021392165
317.0 517.1380750954908
318.0 518.6899834783359
319.0 519.8633734134605
320.0 522.0082447546029
321.0 520.8730508383
322.0 519.0447318445146
323.0 519.4540473997525
324.0 518.4331123019045
325.0 515.7762663043316
326.0 513.4992230848725
327.0 512.8351368989145
328.0 511.05240980777705
329.0 509.67087431447857
330.0 510.4982075572582
331.0 511.16963719484977
332.0 510.55369357537245
333.0 510.55369357537245
334.0 510.4740369227264
335.0 509.4112513622646
336.0 510.1259105208719
337.0 510.9726691377127
338.0 508.0915190169811
339.0 511.131292890108
340.0 512.5942597862278
341.0 512.5942597862278
342.0 512.1268300290752
343.0 512.868615862412
344.0 510.9832267039912
345.0 510.68691198776213
346.0 511.78359455413465
347.0 509.5423531947821
348.0 509.0129209401383
349.0 511.033777381805
350.0 510.5838085594941
351.0 510.0193440811914
352.0 512.7689804835877
353.0 511.6063631567056
354.0 511.6063631567056
355.0 513.6919335849498
356.0 509.63789151477323
357.0 507.74829436323637
358.0 511.18119999728964
359.0 512.1817984542788
360.0 509.36126216998184
361.0 509.6771826870029
362.0 506.1193537923386
363.0 505.4728587901885
364.0 504.89413563302344
365.0 503.4091670909752
366.0 501.78723312830317
367.0 503.1075780646479
368.0 501.2682907186235
369.0 501.2682907186235
370.0 502.2702189870429
371.0 503.0692253905263
372.0 500.98815668142026
373.0 503.5780209731093
374.0 501.73121334938213
375.0 499.84865630205076
376.0 501.243091164592
377.0 501.68162029330904
378.0 498.43402090259366
379.0 499.74556943977296
380.0 501.95465712020376
381.0 503.9088335379829
382.0 507.7243505153912
383.0 502.55348169962343
384.0 502.7664789220537
385.0 504.64677352409285
386.0 501.7133565166853
387.0 494.3557876691034
388.0 497.2157173581165
389.0 495.81797028303987
390.0 493.01969454889996
391.0 495.7390880008786
392.0 493.478079655162
393.0 492.22608709088314
394.0 498.5789214331973
395.0 504.8048270842962
396.0 502.33935390151396
397.0 505.6361022287559
398.0 499.35016116219805
399.0 494.91199385945333
400.0 495.08550476174696
401.0 492.83795222815075
402.0 484.74201667979287
403.0 487.3736653858973
404.0 481.8084813528402
405.0 466.9168754351674
406.0 461.5131635654009
407.0 450.33893731398547
408.0 440.0538150890621
409.0 441.5902622766863
410.0 440.83602100227273
411.0 441.3901203998582
412.0 445.13771837441
413.0 445.0789558917367
414.0 440.90348301458397
415.0 444.56554418836515
416.0 444.75173266937645
417.0 443.4174978729083
418.0 445.3627934214007
419.0 442.6841069830808
420.0 439.72627881537727
421.0 444.5604297036408
422.0 435.5723494700992
423.0 424.91293923947666
424.0 428.1654448471228
425.0 426.8136332854914
426.0 426.82987415194896
427.0 431.6213453567241
428.0 428.52959554384006
429.0 426.79358465054963
430.0 430.5814669661063
431.0 427.98620484197016
432.0 425.7314520286856
433.0 430.35370978685285
434.0 429.8376895902947
435.0 430.09244037776443
436.0 434.1469195122282
437.0 432.4456961600654
438.0 429.25232665274496
439.0 434.64532460877564
440.0 433.3326081318484
441.0 433.36863216033737
442.0 443.1105390607717
443.0 441.4814735196012
444.0 438.9228572698014
445.0 443.0182060916609
446.0 439.49054458023795
447.0 425.4696984038398
448.0 430.0822546335956
449.0 426.34055740229553
450.0 430.9093869623158
451.0 435.71951893835103
452.0 434.8450900947831
453.0 434.6583246068139
454.0 442.0025813692091
455.0 439.06926629595057
456.0 437.9169698518839
457.0 444.58603930974505
458.0 440.7773907664139
459.0 439.28274107998044
460.0 446.5035030603743
461.0 445.6070233262825
462.0 445.6070233262825
463.0 452.28515016236736
464.0 454.654581729347
465.0 453.38131063505284
466.0 461.34784558734754
467.0 460.3248934301384
468.0 457.41410576874745
469.0 469.15506385076725
470.0 467.02942188966114
471.0 466.4647968211183
472.0 476.3281909919532
473.0 470.15780536560584
474.0 467.2776743517017
475.0 474.4579307524191
476.0 478.7235288711151
477.0 481.83775782105624
478.0 495.11899821367575
479.0 499.8050056102769
480.0 489.51927867155814
481.0 490.6701648330647
482.0 484.12704262449984
483.0 478.5078389332839
484.0 483.79015113119186
485.0 480.88969537846293
486.0 477.5832256601344
487.0 483.11262941867466
488.0 477.5016591606477
489.0 474.95924145698314
490.0 482.2693927148011
491.0 478.42513094139133
492.0 476.53520668462943
493.0 482.2334445966199
494.0 478.7842171762643
495.0 477.83098028032106
496.0 482.1081764610073
497.0 479.3217803529477
498.0 474.43422020123603
499.0 477.5518178034904
500.0 473.18192401688805
501.0 472.66070494771213
502.0 478.3867598945539
503.0 474.7897003243999
504.0 473.7849800200928
505.0 479.40689317033025
506.0 478.1130412626646
507.0 477.59807731420926
508.0 481.7315363255354
509.0 479.1709184244904
510.0 477.3508278116069
511.0 476.8797120671174
512.0 472.4813514161657
513.0 470.10668449559626
514.0 468.3165110578361
515.0 468.913350723362
516.0 466.99690378837863
517.0 470.5691100489467
518.0 468.59739922236975
519.0 467.77383239985903
520.0 471.28223347550545
521.0 471.54109884091696
522.0 471.8704037261148
523.0 475.0923806282678
524.0 475.2063196134318
525.0 473.45035052507626
526.0 477.42140279822087
527.0 476.38959769678684
528.0 475.9753710092574
529.0 477.5367464433705
530.0 476.58504983585124
531.0 476.58504983585124
532.0 479.83575331015714
533.0 480.20040439831996
534.0 478.694072763027
535.0 482.3383550373768
536.0 481.8358651423857
537.0 480.78169453917803
538.0 483.16061528562534
539.0 477.7070904674577
540.0 474.1845763080979
541.0 475.75963375064885
542.0 473.7082166503733
543.0 471.2798498015364
544.0 473.5086977248304
545.0 473.88374460613346
546.0 472.58104716545216
547.0 474.94253878057543
548.0 475.0009472836399
549.0 475.0009472836399
550.0 473.7880942228324
551.0 472.62334341301914
552.0 471.74389092947206
553.0 473.74588305807094
554.0 472.7926866668169
555.0 470.51650001810964
556.0 472.771501614233
557.0 473.49450468899886
558.0 471.91426127548965
559.0 471.12622293343264
560.0 471.39776746966
561.0 471.31923012177265
562.0 471.66047207140195
563.0 471.3423293459351
564.0 469.78588482568364
565.0 468.7451769494924
566.0 469.83065384047705
567.0 469.7568043768377
568.0 470.4488322537839
569.0 471.1153570586313
570.0 467.5972081330592
571.0 467.7739352036523
572.0 468.81188940894236
573.0 465.7588843247835
574.0 464.2722816509237
575.0 461.84000667739997
576.0 462.3094420092131
577.0 460.6076843449513
578.0 461.02444041761896
579.0 462.835463259019
580.0 462.59520179211466
581.0 462.4154284417802
582.0 463.2044547568192
583.0 462.9940471256196
584.0 460.77377318195636
585.0 460.37048078298153
586.0 457.191947832313
587.0 455.0543497388426
588.0 455.0543497388426
589.0 454.6641615919088
590.0 451.97791768959945
591.0 451.78011588049145
592.0 452.497747920624
593.0 452.99477453338204
594.0 454.0761925639054
595.0 452.5333554145078
596.0 448.70562015459564
597.0 449.8837068876606
598.0 447.0949562159865
599.0 448.7602944361379
600.0 446.65702686008245
601.0 445.03673407667713
602.0 447.88076078548687
603.0 446.34563269968817
604.0 444.1655397495575
605.0 443.9195159167147
606.0 445.72648961636304
607.0 442.0968233083251
608.0 442.3209561137177
609.0 441.49181624009356
610.0 437.8936516815892
611.0 435.0411186137563
612.0 431.9281773530507
613.0 427.5453321149244
614.0 427.89952556182044
615.0 427.36159851136654
616.0 425.12753734349417
617.0 430.0274038103674
618.0 433.3130767396681
619.0 429.8094024205386
620.0 431.50943484321465
621.0 430.5022285982846
622.0 429.99012694137883
623.0 434.17360281864336
624.0 436.03408195362346
625.0 432.83777383375764
626.0 433.7593456546701
627.0 435.4278551518889
628.0 431.12528114857446
629.0 430.5681277098516
630.0 430.25075986255393
631.0 424.696089750075
632.0 427.0742585589154
633.0 426.1595033915107
634.0 420.3049069860528
635.0 420.69413548906624
636.0 420.37438462950223
637.0 416.6652864338572
638.0 420.3988292349481
639.0 421.034016750251
640.0 418.6040202425823
641.0 421.78206163268584
642.0 421.9856771124622
643.0 414.83279392135887
644.0 416.1472709387365
645.0 418.0257217738313
646.0 411.6533717096301
647.0 413.1007434914125
648.0 413.37231294880223
649.0 408.11690910699167
650.0 407.94048176159487
651.0 402.66491309943353
652.0 395.5398884404149
653.0 397.5408118945391
654.0 399.43972611203577
655.0 395.5392633557539
656.0 398.2982442403089
657.0 400.4920402008772
658.0 396.75808908899523
659.0 398.70307729800953
660.0 398.820206986066
661.0 394.4432385566474
662.0 395.7499982148536
663.0 396.73319532698923
664.0 390.4331701734761
665.0 393.1642863876529
666.0 408.2527966202614
667.0 407.9025256667013
668.0 408.97831350617616
669.0 399.5199334033462
670.0 398.3314018658707
671.0 398.3314018658707
672.0 399.7582302191764
673.0 397.00895231460726
674.0 401.455741207686
675.0 401.87695404364143
676.0 400.32531409965503
677.0 403.49703021090863
678.0 399.3872100696924
679.0 395.9665065889989
680.0 397.7989274615212
681.0 398.4404838402528
682.0 390.86437181194367
683.0 390.8334020259498
684.0 391.9881957536865
685.0 387.52461843220595
686.0 394.42146222720714
687.0 399.8913271813291
688.0 395.8291830015698
689.0 390.45803995770547
690.0 389.2083448883165
691.0 385.0207214050239
692.0 389.09985156585094
693.0 390.01394862377407
694.0 385.83405606243514
695.0 388.31526641418577
696.0 387.4503138036469
697.0 382.4409003989886
698.0 384.0683283335359
699.0 383.2611573624791
700.0 379.43761433540874
701.0 381.98939159188274
702.0 381.98939159188274
703.0 381.0035784869409
704.0 382.2306816876129
705.0 382.51300111658065
706.0 377.6080984425778
707.0 379.0688660231425
708.0 380.1388716350088
709.0 375.51033123697545
710.0 376.1482386852934
711.0 379.9944304785328
712.0 375.65979177118976
713.0 377.85613090334556
714.0 378.43365404279695
715.0 374.75963940781565
716.0 376.70046397617466
717.0 378.01415463958665
718.0 374.0853752444925
719.0 375.6100341033263
720.0 374.7331049205826
721.0 369.31658684174437
722.0 372.61947317519446
723.0 370.89377114699727
724.0 365.65725865507017
725.0 367.9171633383854
726.0 369.06257913446393
727.0 363.7771753452271
728.0 366.68233790560066
729.0 369.5288457109624
730.0 370.5796489990778
731.0 378.792644531929
732.0 379.643497615579
733.0 377.1546101051923
734.0 380.7394917635319
735.0 383.26474404885585
736.0 377.16453451356955
737.0 375.34464689372913
738.0 370.484760792556
739.0 363.0516695424712
740.0 364.9153068024315
741.0 366.8442770728213
742.0 361.30630158563764
743.0 364.1211173552687
744.0 365.67805766337193
745.0 359.39708051076497
746.0 361.7359303103761
747.0 364.83432208807585
748.0 358.01650002538264
749.0 359.7145449931188
750.0 360.66998274221703
751.0 354.06347965193834
752.0 355.29829742218254
753.0 357.81951870406897
754.0 350.53987526853626
755.0 352.4212044378196
756.0 353.04177719409114
757.0 347.30415745707046
758.0 346.3941227985506
759.0 341.3533670314629
760.0 333.4224202402324
761.0 334.9400725937021
762.0 336.7566883146479
763.0 331.7385664320842
764.0 332.8485493596693
765.0 332.49508780462804
766.0 327.2463047026177
767.0 328.77125650866833
768.0 332.2153530351685
769.0 326.8500600494971
770.0 326.53886010668
771.0 327.50455537194784
772.0 323.6807382296351
773.0 323.8707712472478
774.0 321.39154610495825
775.0 316.1423644606921
776.0 317.9967939463506
777.0 319.67215163178054
778.0 315.50381547275236
779.0 316.3750624071403
780.0 316.99416405466576
781.0 311.6917202461962
782.0 312.3296080395989
783.0 311.6201251779286
784.0 304.8024546257574
785.0 306.4881458560298
786.0 306.4401429120928
787.0 301.73581189556995
788.0 301.8795472843537
789.0 301.8236506381664
790.0 297.40156377652653
791.0 299.8313622473322
792.0 300.44044098667496
793.0 296.7801706599538
794.0 299.23684126615785
795.0 298.8508524498264
796.0 292.97526968422875
797.0 296.01368521131064
798.0 294.080256555798
799.0 292.5622239599685
800.0 291.96834263023425
801.0 293.2447014779733
802.0 291.4077076726826
803.0 291.8697775098044
804.0 292.3834383126753
805.0 284.67854563417194
806.0 282.79264882181934
807.0 281.87648968108135
808.0 275.80934805043
809.0 278.0105906237173
810.0 281.81699636510695
811.0 282.72718290919636
812.0 282.36528267819637
813.0 282.0080465597876
814.0 279.3109453842318
815.0 279.9331195023516
816.0 283.2514648620976
817.0 276.48118693285835
818.0 274.80874817202044
819.0 275.01098066324323
820.0 272.6663444125545
821.0 271.65503859082503
822.0 272.2306025341013
823.0 270.6959632580112
824.0 266.3015640742519
825.0 234.94088769448345
826.0 207.30233505933055
827.0 184.96443585560166
828.0 167.05128996066307
829.0 153.5029051267738
830.0 143.51328168652725
831.0 141.1741688496771
832.0 144.4456758214883
833.0 143.12711465652487
834.0 139.80848976595726
835.0 139.14200319742397
836.0 140.32864262382373
837.0 140.32864262382373
838.0 142.02196151408353
839.0 137.9352147981573
840.0 132.37500169662297
841.0 130.39047835940946
842.0 128.85862860505227
843.0 126.96368798768883
844.0 125.54282352397465
845.0 124.46893382475211
846.0 121.81143142213924
847.0 120.4131726557809
848.0 119.64026180315062
849.0 116.44918657788926
850.0 117.07198218796353
851.0 117.5786717002375
852.0 118.93347509788639
853.0 120.59589904033301
854.0 119.69705059161225
855.0 120.45560972179867
856.0 123.30158228725423
857.0 122.38087988332998
858.0 120.9361718294781
859.0 123.0281874803634
860.0 122.58672176957535
861.0 121.89281801911207
862.0 124.17881907731895
863.0 122.66389653713154
864.0 124.37178267565582
865.0 127.38152758859289
866.0 126.90594465168925
867.0 125.79502568125667
868.0 129.83487589891567
869.0 130.12874609345013
870.0 128.49796945797766
871.0 130.03703868950458
872.0 127.86830495564243
873.0 126.24994466960561
874.0 129.17814173162293
875.0 128.18303263110204
876.0 127.50106357371824
877.0 130.59333395755826
878.0 129.38529980043074
879.0 127.92735588158948
880.0 130.98599698887736
881.0 130.90658520818172
882.0 131.1847458489804
883.0 135.30451669073264
884.0 137.07724718316197
885.0 138.08398155322902
886.0 143.54962450123745
887.0 144.66804648093787
888.0 144.56459550343712
889.0 148.97759534815782
890.0 146.90568820516188
891.0 147.65087761453844
892.0 152.7435477376079
893.0 152.91974059474177
894.0 152.91974059474177
895.0 158.45232853524936
896.0 159.626931382521
897.0 159.86776262283698
898.0 166.08355602203272
899.0 171.66271094623883
900.0 170.66681541338517
901.0 177.92697228298672
902.0 179.43709584753105
903.0 178.84971251742968
904.0 183.69594072975374
905.0 184.05867566435924
906.0 181.76883711709758
907.0 186.79465452079452
908.0 186.20217169240735
909.0 185.95509035007973
910.0 189.56699775260245
911.0 184.9577266999949
912.0 181.37191018531286
913.0 189.17295471107332
914.0 189.5293052259538
915.0 189.26587687099573
916.0 199.3257735165335
917.0 203.3069530334398
918.0 204.27250431319163
919.0 213.56335947559907
920.0 214.2233307882166
921.0 213.2553542442496
922.0 221.87882057419452
923.0 219.69226962848472
924.0 216.38928715407658
925.0 225.11780785085733
926.0 224.09616461469219
927.0 224.77255702634145
928.0 233.97132277042783
929.0 234.24486342247576
930.0 234.6333417843607
931.0 245.52417256503153
932.0 243.86321209145518
933.0 241.54802608007907
934.0 251.33785504183328
935.0 250.42833085328647
936.0 247.74314239330573
937.0 256.31497445254706
938.0 256.18898053900455
939.0 254.37611317273752
940.0 263.90700753389115
941.0 263.02289657688715
942.0 260.7587554678217
943.0 267.4942943918061
944.0 265.71526107862184
945.0 264.96780918644833
946.0 278.65068191277817
947.0 279.0738155815488
948.0 278.4122086242572
949.0 289.20040281354693
950.0 285.7679380339621
951.0 285.5622923307607
952.0 297.1426944537411
953.0 296.753007523617
954.0 294.6375782906281
955.0 305.38928579256253
956.0 302.8490502457221
957.0 299.9932636763886
958.0 308.86851050767257
959.0 305.6035101820946
960.0 302.24281498016467
961.0 310.7936390087628
962.0 308.0020705794534
963.0 305.0711992878532
964.0 315.79250350374735
965.0 315.31531342054484
966.0 314.4973721433281
967.0 325.64114508023465
968.0 323.7993160712672
969.0 321.6035005189581
970.0 333.10295183005667
971.0 332.00304387801805
972.0 331.5443006228144
973.0 343.9556346246566
974.0 343.6661870252801
975.0 344.2777846107317
976.0 356.88140637236097
977.0 356.49389436763374
978.0 356.9921752174198
979.0 368.9538634097682
980.0 369.61909168627034
981.0 368.7782421736931
982.0 380.29215949837027
983.0 379.69233369335313
984.0 378.4104655723749
985.0 390.8747889007195
986.0 389.9667106011212
987.0 390.03513962450376
988.0 401.8969268206492
989.0 400.57877841764514
990.0 399.8790169486283
991.0 412.23194105447175
992.0 411.58455001745875
993.0 412.0074135983491
994.0 424.4479094565944
995.0 423.6987827495774
996.0 420.0006221476433
997.0 427.0800154261496
998.0 422.57199179493927
999.0 420.1256624547296
1000.0 426.76435456897
1001.0 423.6062304680916
1002.0 422.5599720747954
1003.0 433.54321009705194
1004.0 431.01320934308603
1005.0 428.2261846091576
1006.0 438.97872077792715
1007.0 439.02205669224406
1008.0 438.33375427449675
1009.0 450.1511317396304
1010.0 450.57969832195965
1011.0 454.20923751463386
1012.0 466.8914059773054
1013.0 470.1559707038116
1014.0 476.4606192781432
1015.0 490.2542207570339
1016.0 484.23652984960165
1017.0 485.7985226304188
1018.0 493.35067740496925
1019.0 489.9783123130578
1020.0 488.9176960863308
1021.0 497.2578641132417
1022.0 496.1592055277704
1023.0 495.6826417422673
1024.0 506.7128720023117
1025.0 507.0125284410394
1026.0 505.9788056715473
1027.0 515.4871875388177
1028.0 513.6469019160611
1029.0 509.0930255160674
1030.0 514.5315845815184
1031.0 514.7050846700415
1032.0 518.9053530868184
1033.0 534.9685294555335
1034.0 532.0021048201526
1035.0 529.4744697933974
1036.0 538.0899893431178
1037.0 534.5813346538724
1038.0 530.8673968399423
1039.0 532.8490903265003
1040.0 530.4210817597248
1041.0 529.9921214052716
1042.0 539.3471029648697
1043.0 538.1770663421346
1044.0 537.6573928205656
1045.0 547.547879911538
1046.0 548.2761992972564
1047.0 546.7906504721963
1048.0 556.6258218764775
1049.0 546.9643739605993
1050.0 544.6208177364476
1051.0 554.3887658381113
1052.0 556.5175423542848
1053.0 555.9961835449195
1054.0 567.4690206094774
1055.0 565.073026028718
1056.0 560.064254832792
1057.0 570.4690297394642
1058.0 566.6241116171838
1059.0 566.0203610567207
1060.0 576.643741916239
1061.0 575.3721338702034
1062.0 571.6501811337537
1063.0 579.7561317262431
1064.0 574.3119333605073
1065.0 572.5955345206543
1066.0 583.1138845449008
1067.0 580.4418747154017
1068.0 578.8989517563359
1069.0 583.0006065973256
1070.0 580.6101803143864
1071.0 580.7225721456388
1072.0 591.0703371679791
1073.0 588.8355874846528
1074.0 587.2389836450723
1075.0 597.6661149178414
1076.0 594.9276756113951
1077.0 589.8836685817164
1078.0 599.5036881608693
1079.0 597.9607106300008
1080.0 597.6048987019739
1081.0 608.0384216722833
1082.0 607.0798458863728
1083.0 597.9795016055307
1084.0 600.6439434353408
1085.0 597.3814237682984
1086.0 595.8756904411355
1087.0 603.8958172157235
1088.0 601.9583862751294
1089.0 600.8287589213237
1090.0 609.4449275557135
1091.0 609.7540753592772
1092.0 609.7540753592772
1093.0 619.8439401304984
1094.0 619.6046350378249
1095.0 619.2426585289788
1096.0 628.3977309820954
1097.0 628.5811667343374
1098.0 629.4043312223355
1099.0 638.8513686561981
1100.0 638.6279327123096
1101.0 639.3621467586809
1102.0 649.6139292262918
1103.0 649.4472548902962
1104.0 649.4472548902962
1105.0 660.0269502485496
1106.0 659.884798472464
1107.0 661.3151637064685
1108.0 670.3237817791864
1109.0 668.0028487378299
1110.0 669.2182825685986
1111.0 675.3162248509202
1112.0 673.6378513030382
1113.0 673.6378513030382
1114.0 683.5224884044015
1115.0 685.1880827859926
1116.0 686.9275534713094
1117.0 695.6306172256261
1118.0 697.6065114991083
1119.0 700.177150623888
1120.0 707.9868109859596
1121.0 706.2037354163539
1122.0 706.0435622372657
1123.0 715.0622121341644
1124.0 719.8081533291622
1125.0 718.156228258556
1126.0 726.025742561305
1127.0 725.573127702625
1128.0 724.4632914844503
1129.0 736.5225512448058
1130.0 738.2646449853532
1131.0 739.025241980593
1132.0 746.7130382420954
1133.0 751.1756178991783
1134.0 752.0952353452335
1135.0 764.3839900599452
1136.0 765.1217403488165
1137.0 764.7433083744465
1138.0 778.1393645001847
1139.0 782.7141925986025
1140.0 782.7141925986025
1141.0 790.2878307767583
1142.0 791.8964628644253
1143.0 791.9824499006954
1144.0 799.4231951256043
1145.0 800.3835015754573
1146.0 801.1325008323813
1147.0 808.4945926321409
1148.0 808.4945926321409
1149.0 809.0257471627928
1150.0 815.4210115141833
1151.0 816.256735659052
1152.0 816.256735659052
1153.0 823.5907336079637
1154.0 824.4180668507432
1155.0 820.5960534683352
1156.0 827.794980490879
1157.0 825.3477196372013
1158.0 823.3014791203119
1159.0 829.2395545192652
1160.0 830.242124287424
1161.0 832.4669666912573
1162.0 842.3268161310665
1163.0 842.5020043446738
1164.0 842.4630641254314
1165.0 848.3430080556561
1166.0 849.3748135838532
1167.0 848.7125993049256
1168.0 853.6817233377841
1169.0 854.9090297099768
1170.0 853.5234426884838
1171.0 858.9332820913846
1172.0 858.2957314944496
1173.0 859.4029879159283
1174.0 864.7291458267902
1175.0 864.1135781265265
1176.0 864.1135781265265
1177.0 869.8520289779271
1178.0 870.5940854590156
1179.0 870.3372128290928
1180.0 875.3839925900171
1181.0 876.4487322267983
1182.0 876.4487322267983
1183.0 881.446252317395
1184.0 882.494649726696
1185.0 882.494649726696
1186.0 887.4380025462608
1187.0 888.4689987381457
1188.0 888.0837667035878
1189.0 892.7090430253766
1190.0 893.7215961828108
1191.0 892.6476943319233
1192.0 897.3237891447313
1193.0 898.316875651728
1194.0 896.0777909394725
1195.0 900.6257492211078
1196.0 894.2491852072167
1197.0 893.5985524758171
1198.0 894.3381973835621
1199.0 891.3274842400933
1200.0 891.2887245934794
1201.0 896.2988769394963
1202.0 896.0379383745917
1203.0 892.1171003993563
1204.0 895.0127418982
1205.0 896.2725575970668
1206.0 896.3075715143449
1207.0 900.0084036685059
1208.0 899.8049491849451
1209.0 902.3842802594174
1210.0 911.2094116257294
1211.0 911.4818526150832
1212.0 911.1000292029353
1213.0 912.6916268011029
1214.0 911.812454398744
1215.0 919.0120825426608
1216.0 921.5580798075357
1217.0 917.5030930490798
1218.0 917.7185144575585
1219.0 917.8827250613074
1220.0 919.1515496071961
1221.0 922.9464658479226
1222.0 926.7857500038887
1223.0 929.0900547884606
1224.0 929.6325655883415
1225.0 928.9053190148977
1226.0 932.3863142464672
1227.0 932.3863142464672
1228.0 930.4553102180796
1229.0 931.3871621992143
1230.0 929.4563960229134
1231.0 928.570755577621
1232.0 929.4594466788255
1233.0 930.6519806449218
1234.0 928.7356876700809
1235.0 928.9163462603263
1236.0 930.3982463008443
1237.0 927.8594077005077
1238.0 929.9337352517288
1239.0 928.4908693887984
1240.0 926.301275333668
1241.0 926.6862434233751
1242.0 929.1519777475355
1243.0 926.6168952765611
1244.0 927.6282905063692
1245.0 927.714490655859
1246.0 923.544628583179
1247.0 923.0283478129197
1248.0 922.1386706758906
1249.0 915.5096162132136
1250.0 919.6577599264758
1251.0 919.9858339739687
1252.0 916.0269055838342
1253.0 917.3476255024357
1254.0 917.7988274122354
1255.0 914.486008259008
1256.0 916.4160449443254
1257.0 916.949903792334
1258.0 913.3454368379801
1259.0 915.3051642614912
1260.0 915.3051642614912
1261.0 910.9670590276558
1262.0 907.5120733747708
1263.0 905.9880469698196
1264.0 902.399392667219
1265.0 898.725729205884
1266.0 894.5505866631975
1267.0 882.7884883932159
1268.0 867.4288532626313
1269.0 855.0284966888653
1270.0 840.2441919019802
1271.0 833.1537021864744
1272.0 833.0520536105755
1273.0 832.5097359151056
1274.0 836.0876505033038
1275.0 837.5265993411224
1276.0 835.1796378790385
1277.0 835.8333714675944
1278.0 831.8444039650116
1279.0 826.1039045377654
1280.0 819.2520707696156
1281.0 816.1447075328763
1282.0 812.0263446664995
1283.0 811.2978870121965
1284.0 808.9507989391257
1285.0 804.8900374981027
1286.0 805.7737345147543
1287.0 804.2239824295451
1288.0 797.7418870903841
1289.0 795.782463616508
1290.0 796.4984246309333
1291.0 794.0428996904748
1292.0 784.9167786572013
1293.0 775.4810435868422
1294.0 770.3200509658242
1295.0 771.2269009113451
1296.0 771.2269009113451
1297.0 768.3803215993629
1298.0 768.3803215993629
1299.0 767.6995580121381
1300.0 764.1657860340121
1301.0 765.6536658503218
1302.0 767.5568768373008
1303.0 764.3061261114659
1304.0 766.8683236986207
1305.0 770.487597262341
1306.0 768.0793759696065
1307.0 762.7051967552194
1308.0 761.0447777926023
1309.0 762.0889421372971
1310.0 756.9987605565764
1311.0 759.709436399532
1312.0 766.6690745592189
1313.0 764.3155074256258
1314.0 761.8166782760067
1315.0 761.4957502780039
1316.0 756.81648394476
1317.0 757.2758166846634
1318.0 758.0814179883557
1319.0 762.4658445438508
1320.0 766.2544976481603
1321.0 766.1799301186518
1322.0 761.708448355696
1323.0 761.212859881678
1324.0 760.8973744747258
1325.0 754.4591953261267
1326.0 743.1067252233255
1327.0 740.3736447506112
1328.0 734.4824001746179
1329.0 736.7893010071105
1330.0 737.8970986710041
1331.0 732.1570000285908
1332.0 735.6120356047477
1333.0 735.873262941109
1334.0 731.0820810982586
1335.0 732.6719397964916
1336.0 732.74757444242
1337.0 726.5450282339367
1338.0 726.8903644955
1339.0 728.1279143697324
1340.0 722.020430081642
1341.0 721.1667176770341
1342.0 722.3714524912633
1343.0 716.7210315953006
1344.0 719.0705392451526
1345.0 721.5591694670665
1346.0 716.0011788998514
1347.0 718.5791658273306
1348.0 718.5791658273306
1349.0 711.9250716072146
1350.0 712.8068957480627
1351.0 709.5269568205747
1352.0 706.398833981014
1353.0 708.469448416545
1354.0 710.4403335513484
1355.0 703.7104921402237
1356.0 703.4602843772283
1357.0 705.0649543690146
1358.0 701.4407352148675
1359.0 700.3029974847238
1360.0 701.0495620315164
1361.0 694.5432012513407
1362.0 693.910130553215
1363.0 692.1337843092025
1364.0 688.2650317832023
1365.0 689.1620990763969
1366.0 689.1620990763969
1367.0 683.8202286168415
1368.0 684.8397870427813
1369.0 685.2203214966521
1370.0 679.8409090825498
1371.0 681.0334574751205
1372.0 680.2820012696616
1373.0 675.5130826062777
1374.0 675.4235263601886
1375.0 676.8413052101105
1376.0 672.9873688557728
1377.0 674.2289423973351
1378.0 674.1612908472638
1379.0 669.6363626246196
1380.0 670.8019644535229
1381.0 669.010264414321
1382.0 662.6529402025186
1383.0 663.2803008632332
1384.0 663.0851034479764
1385.0 656.5097920402233
1386.0 657.1301632271712
1387.0 649.9983933183198
1388.0 636.5623750915722
1389.0 630.2518362588722
1390.0 627.7595438227132
1391.0 622.50010768886
1392.0 621.4688726212445
1393.0 623.0709356396592
1394.0 618.619442929194
1395.0 617.7622526681533
1396.0 617.7622526681533
1397.0 614.223175145816
1398.0 615.6377390665582
1399.0 614.8078402585616
1400.0 609.7338358159632
1401.0 609.6370055173799
1402.0 610.0099191393193
1403.0 607.2566051676848
1404.0 609.7222458714397
1405.0 611.2767920434809
1406.0 610.6526693716219
1407.0 612.72019644496
1408.0 614.790432948507
1409.0 606.2138147358824
1410.0 597.0759185539698
1411.0 590.1159957865368
1412.0 580.77581104573
1413.0 576.1496581546016
1414.0 576.1496581546016
1415.0 573.7599498320338
1416.0 573.4842066270024
1417.0 572.7205444338165
1418.0 570.330890549059
1419.0 569.7477812070748
1420.0 570.4987336628668
1421.0 567.7419275673873
1422.0 560.4859759381142
1423.0 549.5167919674344
1424.0 539.0232204587235
1425.0 535.5640427273366
1426.0 528.4069564843286
1427.0 523.0467794723893
1428.0 520.9657638701943
1429.0 516.9371624440017
1430.0 507.5623443956182
1431.0 504.10177740303374
1432.0 504.24670941433857
1433.0 501.41402329298245
1434.0 502.2705828281578
1435.0 502.9144237468022
1436.0 500.3662956256201
1437.0 500.84324818624606
1438.0 500.013929914465
1439.0 496.7853040060289
1440.0 495.981184351567
1441.0 496.01412747355727
1442.0 494.0506748938808
1443.0 492.75772084888047
1444.0 492.35628950630826
1445.0 490.7766338887459
1446.0 490.5762482517167
1447.0 490.65159872375773
1448.0 489.1607973211227
1449.0 488.4114417260294
1450.0 489.04566985306735
1451.0 487.2698757727128
1452.0 488.0158334817604
1453.0 488.2791143599741
1454.0 486.11986927720346
1455.0 487.0651054757995
1456.0 487.0651054757995
1457.0 484.5897184526486
1458.0 485.5735379763096
1459.0 484.4089412519183
1460.0 480.17519584328693
1461.0 478.3641044746968
1462.0 477.61424835112973
1463.0 474.95549832544395
1464.0 474.81174983807693
1465.0 475.1027539198992
1466.0 472.9765676237184
1467.0 474.0441048753171
1468.0 474.0441048753171
1469.0 473.0849243549558
1470.0 473.4247667692979
1471.0 473.12771360806477
1472.0 471.8323613377242
1473.0 467.5529249463829
1474.0 453.3815138686268
1475.0 441.019544452212
1476.0 430.34051191971184
1477.0 422.2574149974273
1478.0 415.57941602677744
1479.0 409.98754789297664
1480.0 408.0413127470158
1481.0 408.2427867310522
1482.0 408.6306990070859
1483.0 406.01781066395233
1484.0 401.919035443224
1485.0 395.3950640748561
1486.0 402.4522504763492
1487.0 399.06107736265585
1488.0 396.6400944756159
1489.0 394.8052573777678
1490.0 391.2807411874145
1491.0 392.024667062782
1492.0 389.5995546355421
1493.0 389.43389965474324
1494.0 387.74908720335145
1495.0 385.7495445600311
1496.0 381.65611441792566
1497.0 391.0166441615318
1498.0 386.8904790670311
1499.0 378.2578536952908
1500.0 372.3593834776994
#####################################################################
# End of data export. Simulation finished at: 2024-06-03T18:13+0000 #
#####################################################################
