#####################################################################
# Alchemist log file - simulation started at: 2024-06-03T18:13+0000 #
#####################################################################
#
# agentFrequency = 5.0, speed = 1.0, variance = 0.4, numberOfDrones = 16, seed = 25.0
#
# The columns have the following meaning: 
# time error 
0.0 1032.1640159034841
0.0 1032.1640159034841
1.0 1028.6869955707546
2.0 1050.148505769245
3.0 1086.6832344094853
4.0 1156.8260196671868
5.0 1259.9320536811188
6.0 1253.796071275423
7.0 1238.5718630729298
8.0 1208.216129849985
9.0 1183.8693561621242
10.0 1165.884838686585
11.0 1152.9794553690758
12.0 1140.7852841219014
13.0 1137.740166907809
14.0 1136.3507619617944
15.0 1137.5621743358374
16.0 1136.839133004296
17.0 1135.772673995766
18.0 1135.772673995766
19.0 1134.9303429327133
20.0 1133.9038040291655
21.0 1133.9038040291655
22.0 1132.9515043344577
23.0 1131.9657768645177
24.0 1131.9657768645177
25.0 1130.9045700843167
26.0 1129.960505100653
27.0 1129.960505100653
28.0 1128.7915602592664
29.0 1127.8899676987032
30.0 1127.8899676987032
31.0 1126.6145601448973
32.0 1126.0767640734134
33.0 1125.7562080291052
34.0 1124.37571817749
35.0 1123.241920811379
36.0 1118.7525924683168
37.0 1110.5319415905044
38.0 1104.2578393660774
39.0 1101.0148718248352
40.0 1099.3921907267538
41.0 1098.3393261726205
42.0 1098.3393261726205
43.0 1097.9847317415552
44.0 1096.7368657026757
45.0 1096.1364715438488
46.0 1095.6165994204857
47.0 1094.4332421173822
48.0 1094.4332421173822
49.0 1093.0970662291438
50.0 1091.5212554414784
51.0 1091.27690627005
52.0 1090.4286186426016
53.0 1088.6249914292457
54.0 1088.6249914292457
55.0 1087.6138900964627
56.0 1086.4735622641242
57.0 1085.828429501546
58.0 1084.655658387974
59.0 1082.889980355939
60.0 1082.889980355939
61.0 1081.5568429346815
62.0 1079.8125438869695
63.0 1079.8125438869695
64.0 1078.3205018933127
65.0 1076.1474167957424
66.0 1076.1474167957424
67.0 1074.547408399761
68.0 1077.4601477422334
69.0 1081.5287082940201
70.0 1084.6296543090132
71.0 1085.8417031076365
72.0 1085.8699989221789
73.0 1085.3503392771695
74.0 1082.1134152232028
75.0 1082.1134152232028
76.0 1081.3810090825689
77.0 1078.1715489629541
78.0 1078.1715489629541
79.0 1077.2272895610026
80.0 1074.898223606501
81.0 1074.3514096812917
82.0 1072.8932799321542
83.0 1069.7477083554186
84.0 1069.7477083554186
85.0 1068.3832573402756
86.0 1065.2740473217887
87.0 1065.2740473217887
88.0 1063.7016726331633
89.0 1060.6317221499635
90.0 1060.6317221499635
91.0 1058.8531459697087
92.0 1055.8253142544122
93.0 1055.8253142544122
94.0 1053.8424622603593
95.0 1050.8595669794433
96.0 1050.8595669794433
97.0 1048.6745664449888
98.0 1043.1001020253998
99.0 1036.437883737328
100.0 1031.8361618565716
101.0 1027.8916777578706
102.0 1028.9716338882972
103.0 1030.7753343233385
104.0 1027.6574793335915
105.0 1027.6574793335915
106.0 1026.1665546221404
107.0 1021.9778233344681
108.0 1021.9778233344681
109.0 1020.2253428205092
110.0 1016.0725153806973
111.0 1016.0725153806973
112.0 1014.0604033370568
113.0 1009.9473832982729
114.0 1009.9473832982729
115.0 1007.6778202227504
116.0 1003.6084718530641
117.0 1003.6084718530641
118.0 1001.0838923165456
119.0 968.7536683213913
120.0 942.3783178889682
121.0 924.0587335131497
122.0 909.3553787567525
123.0 900.0907603657733
124.0 890.7226456134973
125.0 882.2177377092182
126.0 881.694330873347
127.0 879.7453674207525
128.0 876.8264707262872
129.0 876.8264707262872
130.0 874.5660138333776
131.0 871.341049772419
132.0 871.6699293530116
133.0 869.1004289522376
134.0 866.229795637299
135.0 866.229795637299
136.0 863.3540066497419
137.0 860.5114383343312
138.0 860.5114383343312
139.0 857.332417950929
140.0 854.5205007723808
141.0 854.5205007723808
142.0 851.0416054368493
143.0 848.2628952835269
144.0 848.2628952835269
145.0 844.4877773799553
146.0 841.7447973688968
147.0 841.7447973688968
148.0 837.677401617286
149.0 834.9726396041925
150.0 834.9726396041925
151.0 830.6171991674925
152.0 827.953105291516
153.0 827.953105291516
154.0 823.3141375980044
155.0 820.1992904408002
156.0 820.6931218637551
157.0 815.7754241488814
158.0 813.3231941374631
159.0 813.2389628513727
160.0 808.0084986201373
161.0 804.7944589731954
162.0 805.4806967950443
163.0 800.0210260295572
164.0 797.5432679810191
165.0 797.5432679810191
166.0 791.8208890482488
167.0 787.4661946674687
168.0 770.6620429958434
169.0 750.1554224164418
170.0 735.3253510474794
171.0 724.1136812048862
172.0 709.4606979994434
173.0 700.2127818751007
174.0 696.9830540664993
175.0 690.9610820911254
176.0 688.7238549400375
177.0 688.4348452077801
178.0 682.1716912428684
179.0 680.2310849146955
180.0 680.2310849146955
181.0 673.2570318669879
182.0 670.951914544227
183.0 670.951914544227
184.0 664.2259016560083
185.0 662.0344462812184
186.0 662.0344462812184
187.0 655.0872132451059
188.0 653.3783589923194
189.0 652.9718411059041
190.0 645.8499854164154
191.0 644.6730162131907
192.0 644.2801563043276
193.0 636.5233341985794
194.0 634.8464933986081
195.0 634.6839219428302
196.0 627.11646387033
197.0 625.3976990398718
198.0 625.3976990398718
199.0 617.6386578769755
200.0 616.0419932025143
201.0 616.0419932025143
202.0 608.0992696687625
203.0 606.6260373828918
204.0 606.6260373828918
205.0 598.5077134701477
206.0 597.8355307341653
207.0 597.1591239925954
208.0 588.8734549890969
209.0 587.6505957321875
210.0 587.6505957321875
211.0 579.2060020755723
212.0 578.1098363710821
213.0 578.1098363710821
214.0 569.5148953384345
215.0 568.5462614868994
216.0 568.5462614868994
217.0 559.809698730011
218.0 559.6394382244043
219.0 559.6394382244043
220.0 550.8194387737702
221.0 550.8012741929978
222.0 550.8012741929978
223.0 541.9067614576303
224.0 542.0404915935349
225.0 542.0404915935349
226.0 533.0804625180614
227.0 532.547916027043
228.0 530.9906348004859
229.0 521.0395807876945
230.0 520.7167536785079
231.0 520.7167536785079
232.0 511.4075499292609
233.0 511.9942598288926
234.0 511.9942598288926
235.0 501.8187741340759
236.0 502.0404444205678
237.0 501.7556907418556
238.0 492.2827163661822
239.0 492.58574664286715
240.0 492.3492970627993
241.0 482.80878756329474
242.0 483.00472315896707
243.0 483.00472315896707
244.0 473.4063373493404
245.0 473.3857723790219
246.0 473.7311909966181
247.0 464.0846448075091
248.0 464.53785243238974
249.0 464.53785243238974
250.0 454.85290932291775
251.0 455.43378018151947
252.0 455.43378018151947
253.0 445.7202415039292
254.0 446.42795886417093
255.0 446.42795886417093
256.0 436.6956541910798
257.0 437.5292761386983
258.0 437.5292761386983
259.0 427.7880535624962
260.0 428.74651393060094
261.0 428.74651393060094
262.0 419.006230344571
263.0 415.69262780742787
264.0 399.6856301040262
265.0 376.0899849441552
266.0 365.57659509910303
267.0 355.0738927230682
268.0 337.95933530449986
269.0 332.36245324593557
270.0 332.642752857554
271.0 324.4599513248205
272.0 326.689014009214
273.0 327.3866071664868
274.0 319.9083921360091
275.0 322.28945902930997
276.0 323.00987247546317
277.0 314.77675157022
278.0 299.2571574776649
279.0 298.80341006332657
280.0 293.1238953717856
281.0 289.6500277706281
282.0 287.40938342699314
283.0 281.1120959811886
284.0 284.6486418728999
285.0 286.7932289671185
286.0 280.6279864722948
287.0 281.2830197228831
288.0 281.2830197228831
289.0 275.0308413914533
290.0 275.0285562462857
291.0 275.0285562462857
292.0 268.7452483660622
293.0 268.8801631787693
294.0 269.34852531198226
295.0 264.01058343797786
296.0 265.07210094024947
297.0 265.07210094024947
298.0 258.59834622945226
299.0 259.792807380641
300.0 259.792807380641
301.0 253.2585138939061
302.0 255.5403772563126
303.0 254.58442337759038
304.0 247.9963562011688
305.0 249.45208897729276
306.0 249.45208897729276
307.0 242.81706626557508
308.0 245.32788725539737
309.0 244.40086917416696
310.0 237.72575542098815
311.0 239.43574891231742
312.0 239.43574891231742
313.0 232.7274481765302
314.0 234.5616281659966
315.0 234.5616281659966
316.0 227.82707725799847
317.0 229.78331710392115
318.0 229.78331710392115
319.0 223.02947873986068
320.0 224.93058399358557
321.0 225.10553134221692
322.0 218.3393872726333
323.0 220.53288729067486
324.0 220.53288729067486
325.0 213.76143141035266
326.0 216.06989759691186
327.0 216.06989759691186
328.0 209.30012904275145
329.0 211.72096669293225
330.0 211.72096669293225
331.0 204.95988293664735
332.0 207.49038644848562
333.0 207.49038644848562
334.0 200.74497639094218
335.0 203.38233193550894
336.0 203.38233193550894
337.0 196.65956900952534
338.0 185.7072359143445
339.0 180.84916373555012
340.0 175.24162673145437
341.0 179.63377041946046
342.0 180.05467154500377
343.0 174.82820318815004
344.0 176.27418825918727
345.0 176.27418825918727
346.0 171.02912139515826
347.0 172.3524092077642
348.0 172.55296332403245
349.0 167.29481507632016
350.0 168.8946691392814
351.0 168.8946691392814
352.0 163.62896954112395
353.0 165.3029159996231
354.0 165.3029159996231
355.0 160.03520253653005
356.0 161.64128455402326
357.0 161.64128455402326
358.0 156.5170606766915
359.0 158.33314219633354
360.0 158.33314219633354
361.0 153.07801594287307
362.0 154.96199985797503
363.0 154.96199985797503
364.0 149.72146225702642
365.0 150.56509512732805
366.0 151.67114842717848
367.0 146.45071213239797
368.0 147.42678000595424
369.0 148.46383557699681
370.0 143.26899340447795
371.0 144.58692983188416
372.0 145.34322653798947
373.0 140.1794460455177
374.0 142.02717764033437
375.0 142.31240097452246
376.0 137.1851190657544
377.0 138.8524757713525
378.0 138.8524757713525
379.0 133.81641294540938
380.0 136.53197295260466
381.0 136.53197295260466
382.0 131.49384951341287
383.0 133.78807507873216
384.0 133.78807507873216
385.0 128.80252353676715
386.0 131.1453642198197
387.0 131.1453642198197
388.0 126.21764558828254
389.0 128.60644841242686
390.0 128.60644841242686
391.0 123.74176663041777
392.0 126.12624527420161
393.0 126.17383325992839
394.0 121.37733005678788
395.0 123.8499194597867
396.0 123.8499194597867
397.0 119.12666928082893
398.0 121.63700043435291
399.0 121.63700043435291
400.0 116.99200543300178
401.0 119.44241316506428
402.0 119.5372600675364
403.0 114.97544516880241
404.0 117.55277054957419
405.0 117.55277054957419
406.0 113.07897858974988
407.0 115.68549033203041
408.0 115.68549033203041
409.0 111.30447727939432
410.0 113.45081862257007
411.0 113.9372621950402
412.0 109.65369245629076
413.0 112.30981142870863
414.0 112.30981142870863
415.0 108.12825324575843
416.0 110.80474413045762
417.0 110.80474413045762
418.0 106.72966507212895
419.0 109.04285362945969
420.0 109.04285362945969
421.0 105.33319536212558
422.0 108.16757897351603
423.0 108.16757897351603
424.0 104.31843623748856
425.0 106.4537076476248
426.0 107.03808367844657
427.0 103.30817516822604
428.0 106.03617441028373
429.0 106.03617441028373
430.0 102.42952197099407
431.0 104.61293397413442
432.0 104.95732205978803
433.0 101.6833437704175
434.0 104.2293114459689
435.0 104.41894212082562
436.0 101.07037695429283
437.0 103.52775879797984
438.0 103.80521511254923
439.0 100.59122644686323
440.0 103.32226458214508
441.0 103.32226458214508
442.0 100.24636511183125
443.0 102.97056714347931
444.0 102.97056714347931
445.0 100.03613328569851
446.0 102.47695674486094
447.0 102.75046987946295
448.0 99.96073844189631
449.0 102.66218999952297
450.0 102.66218999952297
451.0 100.02025498603244
452.0 102.55669214806933
453.0 102.70581462524261
454.0 100.21462418246378
455.0 102.61815829091367
456.0 102.46892538027376
457.0 100.54365421225975
458.0 103.18847505337139
459.0 103.18847505337139
460.0 101.00702036250512
461.0 103.49540200607349
462.0 103.62703452821025
463.0 101.60426534675275
464.0 93.34127462322917
465.0 94.37272818595906
466.0 99.80847145491643
467.0 101.08186068787373
468.0 100.0
469.0 100.39475170741474
470.0 100.0
471.0 100.0
472.0 100.39475170741476
473.0 99.84285793743467
474.0 100.0
475.0 100.39475170741473
476.0 100.0
477.0 100.0
478.0 100.39475170741477
479.0 100.0
480.0 100.0
481.0 100.39475170741476
482.0 99.90383155489586
483.0 100.0
484.0 100.39475170741474
485.0 100.0
486.0 100.0
487.0 100.39475170741477
488.0 100.56229191209896
489.0 100.0
490.0 100.39475170741471
491.0 100.0
492.0 100.0
493.0 100.39475170741478
494.0 99.30888695845611
495.0 100.0
496.0 100.39475170741477
497.0 100.0
498.0 100.0
499.0 100.39475170741474
500.0 99.6661928586465
501.0 100.0
502.0 100.39475170741473
503.0 100.12310442517898
504.0 100.0
505.0 100.39475170741477
506.0 100.0
507.0 100.0
508.0 100.39475170741474
509.0 100.0
510.0 100.0
511.0 100.39475170741477
512.0 100.0
513.0 100.0
514.0 100.3947517074148
515.0 100.27965791926218
516.0 100.0
517.0 100.39475170741473
518.0 100.40302487297596
519.0 100.0
520.0 100.39475170741476
521.0 99.7819805824438
522.0 100.0
523.0 100.39475170741473
524.0 99.99702400352712
525.0 100.0
526.0 100.39475170741476
527.0 100.0
528.0 100.0
529.0 100.39475170741476
530.0 99.7413615039313
531.0 100.0
532.0 100.39475170741477
533.0 100.00000000000001
534.0 100.00000000000001
535.0 100.39475170741477
536.0 100.0
537.0 100.0
538.0 100.39475170741474
539.0 99.17994683216676
540.0 100.0
541.0 100.39475170741474
542.0 100.0
543.0 100.0
544.0 100.39475170741476
545.0 101.42863739017007
546.0 100.0
547.0 100.39475170741477
548.0 100.0
549.0 100.0
550.0 100.39475170741476
551.0 100.00000000000001
552.0 100.00000000000001
553.0 100.39475170741476
554.0 100.0
555.0 100.0
556.0 100.39475170741474
557.0 99.27402477332048
558.0 100.0
559.0 100.39475170741474
560.0 99.49370028898822
561.0 99.67915877477213
562.0 100.12323009734651
563.0 100.00000304372114
564.0 99.99999999999999
565.0 100.39475170741471
566.0 100.79959939389279
567.0 100.32521848682015
568.0 100.7692898093945
569.0 100.67681716034252
570.0 100.67681716034252
571.0 101.17013507730343
572.0 100.02363595392714
573.0 100.00000000000001
574.0 100.39475170741474
575.0 100.71875134076764
576.0 100.00000000000001
577.0 100.39475170741476
578.0 100.00000000000001
579.0 100.00000000000001
580.0 100.39475170741478
581.0 100.00000000000001
582.0 100.00000000000001
583.0 100.39475170741476
584.0 100.00000000000001
585.0 100.00000000000001
586.0 100.39475170741474
587.0 99.99999999999999
588.0 99.99999999999999
589.0 100.39475170741476
590.0 100.80220276861161
591.0 100.80220276861161
592.0 101.24627409118591
593.0 100.0
594.0 100.0
595.0 100.39475170741478
596.0 100.00000000000001
597.0 100.00000000000001
598.0 100.39475170741474
599.0 100.00000000000001
600.0 100.00000000000001
601.0 100.39475170741477
602.0 99.17860678664432
603.0 100.0
604.0 100.39475170741477
605.0 100.0
606.0 100.0
607.0 100.39475170741476
608.0 100.00000000000001
609.0 100.00000000000001
610.0 100.39475170741477
611.0 99.27774465756727
612.0 100.0
613.0 100.39475170741477
614.0 100.0
615.0 100.0
616.0 100.39475170741474
617.0 99.62488822961095
618.0 100.0
619.0 100.39475170741474
620.0 100.00000000000001
621.0 100.00000000000001
622.0 100.3947517074148
623.0 100.15992971877705
624.0 100.0
625.0 100.39475170741471
626.0 100.2341231819674
627.0 99.99999999999999
628.0 100.39475170741477
629.0 99.34247844049702
630.0 100.00000000000001
631.0 100.39475170741477
632.0 99.78337916861571
633.0 100.0
634.0 100.39475170741471
635.0 99.60523818617207
636.0 100.00000000000001
637.0 100.39475170741477
638.0 100.11019002803138
639.0 100.0
640.0 100.39475170741471
641.0 102.16497477046907
642.0 100.0
643.0 100.3947517074148
644.0 99.45216490464989
645.0 100.0
646.0 100.39475170741473
647.0 99.99999999999999
648.0 99.99999999999999
649.0 100.39475170741476
650.0 99.95076252476471
651.0 99.99999999999999
652.0 100.39475170741477
653.0 100.0
654.0 100.0
655.0 100.39475170741474
656.0 100.0
657.0 100.0
658.0 100.39475170741477
659.0 99.84658497540252
660.0 100.0
661.0 100.39475170741473
662.0 99.38212512070487
663.0 99.38212512070487
664.0 100.39475170741474
665.0 100.17459678440828
666.0 100.0
667.0 100.39475170741474
668.0 98.80411784175604
669.0 100.0
670.0 100.39475170741477
671.0 99.81792704262162
672.0 100.0
673.0 100.39475170741476
674.0 100.0
675.0 100.0
676.0 100.39475170741477
677.0 100.20184710466523
678.0 100.0
679.0 100.39475170741471
680.0 100.28914482396243
681.0 100.0
682.0 100.39475170741476
683.0 100.00000000000001
684.0 100.00000000000001
685.0 100.39475170741478
686.0 98.97048246211162
687.0 99.32490587159695
688.0 100.39475170741473
689.0 100.0
690.0 100.0
691.0 100.39475170741478
692.0 100.00000000000001
693.0 100.00000000000001
694.0 100.39475170741467
695.0 100.0
696.0 100.0
697.0 100.39475170741478
698.0 99.59348820102709
699.0 99.59348820102709
700.0 100.03755952360143
701.0 99.15894095302072
702.0 99.90181369266885
703.0 100.39475170741476
704.0 100.78220245357281
705.0 100.0
706.0 100.39475170741474
707.0 100.00000000000001
708.0 100.00000000000001
709.0 100.39475170741476
710.0 100.0
711.0 100.0
712.0 100.39475170741473
713.0 99.74317396215024
714.0 100.00000000000001
715.0 100.39475170741474
716.0 100.32521848682016
717.0 99.99999999999997
718.0 100.3947517074148
719.0 99.79523458373696
720.0 100.0
721.0 100.39475170741476
722.0 99.28164883495484
723.0 99.28164883495484
724.0 100.39475170741478
725.0 100.0
726.0 100.0
727.0 100.39475170741473
728.0 99.26714150985404
729.0 99.99999999999997
730.0 100.39475170741473
731.0 100.69430646242904
732.0 100.69430646242904
733.0 100.3947517074148
734.0 99.72294609552657
735.0 100.00000000000003
736.0 100.39475170741474
737.0 99.99999999999997
738.0 99.99999999999997
739.0 100.39475170741478
740.0 100.0
741.0 100.0
742.0 100.39475170741474
743.0 99.53362774171589
744.0 99.53362774171589
745.0 100.39475170741476
746.0 99.4501039223592
747.0 100.00000000000003
748.0 100.39475170741477
749.0 100.00000000000003
750.0 100.00000000000003
751.0 100.39475170741478
752.0 100.0
753.0 100.0
754.0 100.39475170741474
755.0 99.23940300476022
756.0 100.0
757.0 100.39475170741478
758.0 99.70802304729924
759.0 100.0
760.0 100.39475170741476
761.0 98.83952352467715
762.0 100.0
763.0 100.39475170741473
764.0 101.0406202570822
765.0 100.0
766.0 100.39475170741474
767.0 100.0
768.0 100.0
769.0 100.39475170741478
770.0 99.88964473505222
771.0 100.00000000000003
772.0 100.39475170741476
773.0 100.79372015198388
774.0 100.0
775.0 100.39475170741474
776.0 100.78833812592123
777.0 100.78833812592123
778.0 100.39475170741477
779.0 100.00000000000003
780.0 100.00000000000003
781.0 100.39475170741474
782.0 100.0
783.0 100.0
784.0 100.39475170741477
785.0 100.27906566523662
786.0 100.27906566523662
787.0 100.39475170741476
788.0 99.7925148818559
789.0 100.0
790.0 100.3947517074148
791.0 99.56452460294254
792.0 100.0
793.0 100.39475170741477
794.0 99.23969364676788
795.0 100.0
796.0 100.3947517074147
797.0 98.7869490511328
798.0 100.00000000000001
799.0 100.39475170741474
800.0 99.33059262265922
801.0 100.00000000000001
802.0 100.39475170741478
803.0 99.81743509542122
804.0 100.0
805.0 100.39475170741474
806.0 98.91073191438778
807.0 100.0
808.0 100.39475170741477
809.0 99.5934882010271
810.0 100.0
811.0 100.39475170741477
812.0 98.80855733103911
813.0 99.85334972611119
814.0 100.39475170741471
815.0 100.0
816.0 100.0
817.0 100.39475170741474
818.0 99.39950842326672
819.0 99.99999999999999
820.0 100.39475170741474
821.0 100.0
822.0 100.0
823.0 100.39475170741483
824.0 100.19531214556115
825.0 100.00000000000003
826.0 100.39475170741477
827.0 100.01233599085671
828.0 100.0
829.0 100.39475170741468
830.0 99.51743317433177
831.0 100.0
832.0 100.3947517074148
833.0 100.0
834.0 100.0
835.0 100.39475170741477
836.0 98.73913705333192
837.0 100.62186887108747
838.0 101.0659401936618
839.0 101.3087838703533
840.0 101.3087838703533
841.0 100.39475170741474
842.0 100.01130930023272
843.0 99.91401296372993
844.0 100.35808428630429
845.0 99.85297731394166
846.0 99.85297731394166
847.0 100.34629523090257
848.0 99.80437411217667
849.0 100.0
850.0 100.39475170741477
851.0 99.89906833235649
852.0 100.00000000000003
853.0 100.39475170741476
854.0 100.0
855.0 100.0
856.0 100.39475170741481
857.0 99.99999999999999
858.0 99.99999999999999
859.0 100.39475170741476
860.0 100.0
861.0 100.0
862.0 100.3947517074147
863.0 99.23969669048907
864.0 100.0
865.0 100.3947517074148
866.0 100.00000000000003
867.0 100.00000000000003
868.0 100.39475170741476
869.0 100.0
870.0 100.0
871.0 100.39475170741477
872.0 100.00000000000003
873.0 100.00000000000003
874.0 100.39475170741476
875.0 99.04831033152064
876.0 99.52406093825597
877.0 99.96813226083033
878.0 98.33007556582521
879.0 100.0
880.0 100.3947517074147
881.0 99.61431944416525
882.0 99.61431944416525
883.0 100.05839076673956
884.0 98.70576790544905
885.0 99.12253702231679
886.0 99.66517455443733
887.0 100.16023446807452
888.0 98.89284929467242
889.0 99.8385175635418
890.0 99.75763095350322
891.0 100.0
892.0 100.39475170741476
893.0 100.0
894.0 100.0
895.0 100.39475170741471
896.0 101.34234313679003
897.0 100.00000000000001
898.0 100.39475170741478
899.0 100.0
900.0 100.0
901.0 100.39475170741477
902.0 98.54330183047317
903.0 100.0
904.0 100.39475170741474
905.0 99.81062114234524
906.0 100.0
907.0 100.39475170741476
908.0 99.69027945984271
909.0 100.00000000000003
910.0 100.39475170741477
911.0 99.27774465756723
912.0 99.27774465756723
913.0 100.39475170741468
914.0 98.72776065037883
915.0 100.0
916.0 100.39475170741474
917.0 99.39662694770085
918.0 100.0
919.0 100.39475170741483
920.0 100.00000000000001
921.0 100.00000000000001
922.0 100.39475170741476
923.0 100.0
924.0 100.0
925.0 100.39475170741476
926.0 100.0
927.0 100.0
928.0 100.39475170741468
929.0 100.0
930.0 100.0
931.0 100.3947517074148
932.0 99.27402477332043
933.0 100.0
934.0 100.39475170741474
935.0 99.18445899095002
936.0 100.0
937.0 100.39475170741474
938.0 100.86457097046173
939.0 100.0
940.0 100.3947517074148
941.0 99.74287101168261
942.0 100.0
943.0 100.39475170741477
944.0 100.0
945.0 100.0
946.0 100.39475170741471
947.0 100.00000000000003
948.0 100.00000000000003
949.0 100.39475170741477
950.0 100.00000000000003
951.0 100.00000000000003
952.0 100.39475170741478
953.0 99.40411120646785
954.0 99.40411120646785
955.0 100.39475170741477
956.0 99.3550375009978
957.0 100.0
958.0 100.39475170741476
959.0 100.0
960.0 100.0
961.0 100.39475170741476
962.0 99.93877905684407
963.0 100.0
964.0 100.39475170741473
965.0 100.42752616371935
966.0 100.70066938880194
967.0 101.14474071137626
968.0 100.71289333600924
969.0 99.99999999999997
970.0 100.39475170741474
971.0 100.0
972.0 100.0
973.0 100.3947517074148
974.0 99.4437909665875
975.0 100.00000000000001
976.0 100.39475170741477
977.0 99.23940300476022
978.0 100.0
979.0 100.39475170741471
980.0 100.20184710466519
981.0 100.0
982.0 100.39475170741476
983.0 100.0
984.0 100.0
985.0 100.3947517074148
986.0 100.62186887108751
987.0 100.0
988.0 100.39475170741473
989.0 100.0
990.0 100.0
991.0 100.39475170741476
992.0 100.21695992074474
993.0 100.49622153169484
994.0 100.3947517074148
995.0 100.0
996.0 100.0
997.0 100.39475170741471
998.0 100.0
999.0 100.0
1000.0 100.39475170741477
1001.0 100.0
1002.0 100.0
1003.0 100.39475170741476
1004.0 100.70686552292982
1005.0 100.70686552292982
1006.0 101.15093684550418
1007.0 101.47493647885707
1008.0 100.71875134076767
1009.0 100.39475170741477
1010.0 99.44943707296235
1011.0 100.0
1012.0 100.39475170741471
1013.0 99.30888695845617
1014.0 100.0
1015.0 100.39475170741478
1016.0 100.0
1017.0 100.0
1018.0 100.39475170741474
1019.0 100.03046317569948
1020.0 100.0
1021.0 100.39475170741474
1022.0 100.0
1023.0 100.0
1024.0 100.39475170741476
1025.0 100.0
1026.0 100.0
1027.0 100.3947517074148
1028.0 100.0
1029.0 100.0
1030.0 100.39475170741468
1031.0 100.04934396342684
1032.0 100.0
1033.0 100.39475170741473
1034.0 100.0
1035.0 100.0
1036.0 100.39475170741476
1037.0 99.60385190706788
1038.0 100.0
1039.0 100.3947517074148
1040.0 99.72073838904987
1041.0 100.0
1042.0 100.39475170741473
1043.0 100.0
1044.0 100.0
1045.0 100.3947517074147
1046.0 99.98086779932392
1047.0 100.0
1048.0 100.3947517074148
1049.0 99.24017797043376
1050.0 99.24017797043376
1051.0 100.39475170741476
1052.0 100.00000000000001
1053.0 100.00000000000001
1054.0 100.39475170741474
1055.0 100.0
1056.0 100.0
1057.0 100.39475170741473
1058.0 99.75863878177148
1059.0 100.0
1060.0 100.3947517074148
1061.0 99.4776705391638
1062.0 99.51461765308017
1063.0 99.95868897565445
1064.0 100.57631436993223
1065.0 100.00000000000003
1066.0 100.39475170741476
1067.0 100.64474192301192
1068.0 100.0
1069.0 100.39475170741478
1070.0 100.44549205635899
1071.0 100.0
1072.0 100.39475170741474
1073.0 99.17671908415934
1074.0 100.0
1075.0 100.39475170741476
1076.0 99.8355234997877
1077.0 100.0
1078.0 100.3947517074147
1079.0 100.6452327569589
1080.0 100.0
1081.0 100.3947517074148
1082.0 100.0
1083.0 100.0
1084.0 100.39475170741476
1085.0 100.74258458030627
1086.0 100.0
1087.0 100.39475170741473
1088.0 100.0
1089.0 100.0
1090.0 100.39475170741474
1091.0 99.19314109112645
1092.0 100.0
1093.0 100.39475170741477
1094.0 100.80965031665902
1095.0 100.0
1096.0 100.39475170741471
1097.0 100.0
1098.0 100.0
1099.0 100.39475170741474
1100.0 100.0
1101.0 100.0
1102.0 100.39475170741474
1103.0 99.24549896054995
1104.0 100.0
1105.0 100.39475170741477
1106.0 100.0
1107.0 100.0
1108.0 100.39475170741476
1109.0 99.82411317228483
1110.0 99.36825740988508
1111.0 99.81232873245942
1112.0 100.79112369419825
1113.0 100.79112369419825
1114.0 101.23519501677255
1115.0 100.88978727278466
1116.0 100.88978727278466
1117.0 102.11912536076883
1118.0 102.44171791623914
1119.0 102.50322751674076
1120.0 101.222925185961
1121.0 99.3640357349105
1122.0 100.0
1123.0 100.39475170741481
1124.0 100.73529226298362
1125.0 100.73529226298362
1126.0 100.39475170741477
1127.0 99.66252720493218
1128.0 100.0
1129.0 100.39475170741468
1130.0 100.57121813758499
1131.0 100.57121813758499
1132.0 100.39475170741476
1133.0 99.95395092733256
1134.0 100.0
1135.0 100.39475170741481
1136.0 100.28999221100287
1137.0 100.0
1138.0 100.39475170741474
1139.0 101.35048872011552
1140.0 100.0
1141.0 100.39475170741476
1142.0 99.34867457462491
1143.0 100.00000000000001
1144.0 100.39475170741477
1145.0 100.0
1146.0 100.0
1147.0 100.39475170741474
1148.0 100.0
1149.0 100.0
1150.0 100.39475170741476
1151.0 99.08449877295546
1152.0 100.0
1153.0 100.39475170741474
1154.0 100.0
1155.0 100.0
1156.0 100.39475170741478
1157.0 100.0
1158.0 100.0
1159.0 100.39475170741474
1160.0 99.44943707296235
1161.0 100.0
1162.0 100.39475170741467
1163.0 100.0
1164.0 100.0
1165.0 100.3947517074148
1166.0 100.75025543046603
1167.0 100.0
1168.0 100.39475170741476
1169.0 100.30227905836279
1170.0 100.0
1171.0 100.39475170741477
1172.0 100.10352329785445
1173.0 99.77027829819023
1174.0 100.39475170741474
1175.0 100.0
1176.0 100.0
1177.0 100.3947517074148
1178.0 99.99999999999999
1179.0 99.99999999999999
1180.0 100.39475170741471
1181.0 99.26100583750566
1182.0 100.0
1183.0 100.39475170741473
1184.0 100.0
1185.0 100.0
1186.0 100.39475170741476
1187.0 99.2582202692286
1188.0 100.0
1189.0 100.39475170741478
1190.0 99.91401296372992
1191.0 100.0
1192.0 100.39475170741474
1193.0 100.80529498785818
1194.0 100.00000000000001
1195.0 100.39475170741471
1196.0 99.4274750923394
1197.0 100.0
1198.0 100.3947517074148
1199.0 99.67311620402742
1200.0 100.3590645035842
1201.0 100.39475170741476
1202.0 100.0
1203.0 100.0
1204.0 100.39475170741477
1205.0 100.0
1206.0 100.0
1207.0 100.39475170741474
1208.0 99.6902794598427
1209.0 99.6902794598427
1210.0 100.39475170741478
1211.0 100.0
1212.0 100.0
1213.0 100.3947517074147
1214.0 100.0
1215.0 100.0
1216.0 100.39475170741476
1217.0 100.80220276861161
1218.0 100.00000000000003
1219.0 100.3947517074148
1220.0 99.72476401557431
1221.0 100.00000000000001
1222.0 100.39475170741476
1223.0 99.76474645594558
1224.0 100.00000000000001
1225.0 100.39475170741474
1226.0 99.99999999999999
1227.0 99.99999999999999
1228.0 100.39475170741476
1229.0 99.63602007447354
1230.0 100.23190886800563
1231.0 100.39475170741474
1232.0 99.99999999999999
1233.0 99.99999999999999
1234.0 100.39475170741474
1235.0 99.43556035222369
1236.0 99.43556035222369
1237.0 100.39475170741477
1238.0 99.70148265126439
1239.0 100.0
1240.0 100.39475170741473
1241.0 100.00000000000001
1242.0 100.00000000000001
1243.0 100.3947517074148
1244.0 99.30888695845609
1245.0 100.0
1246.0 100.39475170741467
1247.0 100.70242338570672
1248.0 100.61378361120313
1249.0 100.62998563094077
1250.0 99.79374274716868
1251.0 100.0
1252.0 100.39475170741478
1253.0 100.0
1254.0 100.0
1255.0 100.39475170741477
1256.0 100.61866260434385
1257.0 100.0
1258.0 100.39475170741473
1259.0 100.02533948074193
1260.0 99.8654097619649
1261.0 100.30948108453923
1262.0 99.80754437667946
1263.0 100.0
1264.0 100.39475170741474
1265.0 100.0
1266.0 100.0
1267.0 100.39475170741474
1268.0 100.0
1269.0 100.0
1270.0 100.39475170741476
1271.0 100.0
1272.0 100.0
1273.0 100.3947517074148
1274.0 100.19531214556113
1275.0 100.0
1276.0 100.39475170741478
1277.0 99.46068010026696
1278.0 100.0
1279.0 100.3947517074147
1280.0 100.0
1281.0 100.0
1282.0 100.39475170741474
1283.0 99.79219187945317
1284.0 100.0
1285.0 100.39475170741481
1286.0 100.0
1287.0 100.0
1288.0 100.39475170741473
1289.0 100.0
1290.0 100.0
1291.0 100.39475170741477
1292.0 100.00000000000001
1293.0 100.00000000000001
1294.0 100.39475170741477
1295.0 99.76978534479375
1296.0 100.00000000000001
1297.0 100.39475170741471
1298.0 100.0
1299.0 100.0
1300.0 100.39475170741476
1301.0 100.80036869025909
1302.0 100.0
1303.0 100.39475170741477
1304.0 99.46955524124228
1305.0 99.75459413344512
1306.0 100.37031086082222
1307.0 99.95076252476471
1308.0 100.0
1309.0 100.39475170741474
1310.0 100.21731344176429
1311.0 100.0
1312.0 100.39475170741471
1313.0 98.59889312918489
1314.0 99.29000617072876
1315.0 100.39475170741477
1316.0 99.36338701060713
1317.0 100.0
1318.0 100.39475170741477
1319.0 99.99999999999997
1320.0 99.99999999999997
1321.0 100.39475170741464
1322.0 100.93728907627145
1323.0 100.0
1324.0 100.39475170741473
1325.0 100.0
1326.0 100.0
1327.0 100.3947517074148
1328.0 99.96749152040638
1329.0 100.00000000000001
1330.0 100.39475170741477
1331.0 100.0
1332.0 100.0
1333.0 100.39475170741476
1334.0 100.68108655354177
1335.0 100.0
1336.0 100.39475170741477
1337.0 100.0
1338.0 100.0
1339.0 100.3947517074148
1340.0 100.0
1341.0 100.0
1342.0 100.39475170741474
1343.0 100.74378538735652
1344.0 100.74378538735652
1345.0 101.23717632509045
1346.0 100.28774352495326
1347.0 100.00000000000003
1348.0 100.39475170741474
1349.0 99.24017797043379
1350.0 99.71820827329114
1351.0 100.3947517074148
1352.0 100.0
1353.0 100.0
1354.0 100.39475170741466
1355.0 100.0
1356.0 100.0
1357.0 100.39475170741478
1358.0 99.55777870663714
1359.0 100.00000000000003
1360.0 100.39475170741476
1361.0 99.02370771942722
1362.0 99.24172713698341
1363.0 100.39475170741474
1364.0 100.0
1365.0 100.0
1366.0 100.39475170741476
1367.0 99.34867457462492
1368.0 99.34867457462492
1369.0 100.3947517074148
1370.0 99.38212512070484
1371.0 100.00000000000001
1372.0 100.39475170741476
1373.0 100.17123798922577
1374.0 100.00000000000003
1375.0 100.39475170741474
1376.0 99.99999999999999
1377.0 99.99999999999999
1378.0 100.39475170741477
1379.0 99.81743509542122
1380.0 100.0
1381.0 100.3947517074148
1382.0 98.94359812010735
1383.0 98.94359812010735
1384.0 99.86360850442576
1385.0 100.07398551243448
1386.0 100.02117561804617
1387.0 100.39475170741467
1388.0 100.0
1389.0 100.0
1390.0 100.39475170741478
1391.0 100.00000000000001
1392.0 100.00000000000001
1393.0 100.39475170741476
1394.0 99.60774154956417
1395.0 99.48705205132791
1396.0 99.93112337390222
1397.0 99.81454151421607
1398.0 100.0
1399.0 100.39475170741477
1400.0 99.27402477332048
1401.0 100.0
1402.0 100.39475170741478
1403.0 99.40411120646787
1404.0 100.0
1405.0 100.39475170741477
1406.0 99.84133196146053
1407.0 100.0
1408.0 100.39475170741474
1409.0 100.00000000000001
1410.0 100.00000000000001
1411.0 100.39475170741478
1412.0 100.00000000000001
1413.0 100.00000000000001
1414.0 100.3947517074148
1415.0 100.0
1416.0 100.0
1417.0 100.39475170741476
1418.0 100.0
1419.0 100.0
1420.0 100.39475170741474
1421.0 100.00000000000001
1422.0 100.00000000000001
1423.0 100.39475170741474
1424.0 99.28830280594049
1425.0 100.00000000000003
1426.0 100.39475170741477
1427.0 99.80466758951434
1428.0 100.0
1429.0 100.39475170741477
1430.0 100.33657837860947
1431.0 100.00000000000001
1432.0 100.39475170741476
1433.0 100.29070518165537
1434.0 100.0
1435.0 100.39475170741478
1436.0 99.99999999999999
1437.0 99.99999999999999
1438.0 100.39475170741474
1439.0 100.0
1440.0 100.0
1441.0 100.39475170741476
1442.0 99.8293594332165
1443.0 100.00000000000003
1444.0 100.39475170741474
1445.0 99.25822026922862
1446.0 100.00000000000003
1447.0 100.3947517074148
1448.0 100.15992971877708
1449.0 100.0
1450.0 100.3947517074148
1451.0 99.75994294855121
1452.0 100.00000000000003
1453.0 100.39475170741473
1454.0 99.99999999999997
1455.0 99.99999999999997
1456.0 100.3947517074147
1457.0 100.37592721886843
1458.0 100.0
1459.0 100.39475170741477
1460.0 100.25952376357135
1461.0 100.00000000000003
1462.0 100.39475170741474
1463.0 100.00000304372115
1464.0 100.0
1465.0 100.39475170741478
1466.0 99.89405255816555
1467.0 100.0
1468.0 100.39475170741476
1469.0 100.0
1470.0 100.0
1471.0 100.39475170741477
1472.0 98.56024763360998
1473.0 100.00000000000003
1474.0 100.39475170741474
1475.0 100.52528302517089
1476.0 100.0
1477.0 100.39475170741478
1478.0 100.7822024535728
1479.0 99.99999999999997
1480.0 100.39475170741476
1481.0 101.03114467435952
1482.0 100.0
1483.0 100.39475170741474
1484.0 100.00000000000001
1485.0 100.00000000000001
1486.0 100.39475170741476
1487.0 100.03382136617829
1488.0 100.0
1489.0 100.3947517074147
1490.0 99.99999999999999
1491.0 99.99999999999999
1492.0 100.39475170741474
1493.0 100.04934396342682
1494.0 99.99999999999997
1495.0 100.39475170741474
1496.0 100.0
1497.0 100.0
1498.0 100.39475170741478
1499.0 100.00000000000001
1500.0 100.00000000000001
#####################################################################
# End of data export. Simulation finished at: 2024-06-03T18:16+0000 #
#####################################################################
