#####################################################################
# Alchemist log file - simulation started at: 2024-06-03T19:48+0000 #
#####################################################################
#
# agentFrequency = 2.0, speed = 1.0, variance = 0.30000000000000004, numberOfDrones = 16, seed = 71.0
#
# The columns have the following meaning: 
# time error 
0.0 1274.207927331677
0.0 1274.207927331677
1.0 1306.6571078403217
2.0 1362.0064373473947
3.0 1453.289596969725
4.0 1578.2463238190128
5.0 1717.5634729846142
6.0 1695.950536118321
7.0 1682.6020270048818
8.0 1654.7389817924327
9.0 1638.7526034771647
10.0 1625.49048132574
11.0 1619.574361687292
12.0 1616.9077160426718
13.0 1615.7508542486248
14.0 1618.6936152613082
15.0 1615.5801405598702
16.0 1618.5629045046298
17.0 1613.5092830500682
18.0 1601.624683545286
19.0 1594.7491409689874
20.0 1594.9351238041127
21.0 1591.4898719902658
22.0 1591.4898719902658
23.0 1591.4153178878955
24.0 1588.0575011508847
25.0 1588.0575011508847
26.0 1587.7226054282523
27.0 1584.455415786467
28.0 1584.455415786467
29.0 1583.8606306865552
30.0 1580.6871707203827
31.0 1580.6871707203827
32.0 1579.8332049656117
33.0 1578.5929786481686
34.0 1576.7564847555661
35.0 1575.6443028483716
36.0 1572.6672370045064
37.0 1572.6672370045064
38.0 1571.2980582754926
39.0 1568.423463061034
40.0 1568.423463061034
41.0 1566.7987604656394
42.0 1564.0293510176737
43.0 1564.0293510176737
44.0 1562.150849682543
45.0 1559.4892373325044
46.0 1559.4892373325044
47.0 1557.358912852998
48.0 1554.807602549599
49.0 1554.807602549599
50.0 1552.4276790401177
51.0 1549.9890668772682
52.0 1549.9890668772682
53.0 1547.3620147763197
54.0 1545.038385628471
55.0 1545.038385628471
56.0 1542.1669192606478
57.0 1539.960444527897
58.0 1539.960444527897
59.0 1536.8475194251644
60.0 1534.7602548903455
61.0 1534.7602548903455
62.0 1531.4090648752879
63.0 1529.4429486751621
64.0 1529.4429486751621
65.0 1525.8569227090668
66.0 1524.0137734216155
67.0 1524.0137734216155
68.0 1520.1965722205002
69.0 1518.4780870702073
70.0 1518.4780870702073
71.0 1514.4335994921396
72.0 1511.4700992815226
73.0 1512.8413526750367
74.0 1508.5736918822943
75.0 1477.882937747171
76.0 1433.6669982641536
77.0 1408.9526087005456
78.0 1396.6935983809753
79.0 1386.0798877620164
80.0 1373.8414624106479
81.0 1366.9797359865838
82.0 1364.3600799045264
83.0 1360.894487758689
84.0 1362.0623582658466
85.0 1361.209911164027
86.0 1357.487466135687
87.0 1359.355821596388
88.0 1357.9129322053486
89.0 1353.937453987937
90.0 1354.472396748675
91.0 1354.472396748675
92.0 1350.2479547488306
93.0 1350.0597962764766
94.0 1350.8917001871207
95.0 1346.4226095086779
96.0 1346.626569728783
97.0 1347.1743762358894
98.0 1342.4651934213916
99.0 1341.57590557075
100.0 1343.3240934449232
101.0 1338.3796119788647
102.0 1339.4063315327694
103.0 1339.3446515784858
104.0 1334.1698971567234
105.0 1335.8057022383653
106.0 1335.2399778652562
107.0 1329.8402034352516
108.0 1331.199722073632
109.0 1331.0141231226255
110.0 1325.394803699423
111.0 1327.1543512258731
112.0 1326.671257759032
113.0 1320.838085022076
114.0 1321.0606602809544
115.0 1322.215667658268
116.0 1316.174544334407
117.0 1319.1364085205282
118.0 1317.6517499498336
119.0 1311.4087839880383
120.0 1313.243706325522
121.0 1312.9840086694987
122.0 1306.545507213054
123.0 1306.0497281887697
124.0 1308.2170503143636
125.0 1301.5895134764808
126.0 1304.0306860473665
127.0 1303.355579296803
128.0 1296.5456937457925
129.0 1298.0283461111253
130.0 1298.4043933017783
131.0 1291.419025662116
132.0 1293.0177701496177
133.0 1293.3683785521034
134.0 1286.2145686278984
135.0 1288.1275166725331
136.0 1288.2525049863305
137.0 1280.937458813892
138.0 1283.0618213540213
139.0 1283.0618213540213
140.0 1275.5929040903693
141.0 1276.7648818259722
142.0 1277.5188567959976
143.0 1270.1861788875865
144.0 1272.4765829751993
145.0 1272.4765829751993
146.0 1264.7226189905577
147.0 1266.273126774699
148.0 1267.0924745809953
149.0 1259.207616273277
150.0 1259.858274166017
151.0 1261.654438515584
152.0 1253.6466133775923
153.0 1256.1678414640203
154.0 1256.1678414640203
155.0 1248.0450983419737
156.0 1250.6380980351896
157.0 1250.6380980351896
158.0 1242.408599185482
159.0 1243.9041497583585
160.0 1245.070665418241
161.0 1236.7426784522816
162.0 1239.4710379970043
163.0 1239.4710379970043
164.0 1231.052927722082
165.0 1233.8447419276924
166.0 1233.8447419276924
167.0 1225.3449620919212
168.0 1208.537000775169
169.0 1188.077987705955
170.0 1166.9645245622405
171.0 1157.8460228136134
172.0 1154.8509864364175
173.0 1146.667924090863
174.0 1118.681836854762
175.0 1103.7133218230915
176.0 1091.580450175767
177.0 1090.5234279673757
178.0 1090.7069189942297
179.0 1084.4026561785613
180.0 1089.621920594692
181.0 1089.7398873418595
182.0 1081.912552724787
183.0 1080.9656505037387
184.0 1082.6871977059175
185.0 1074.7311257774884
186.0 1074.4577207210002
187.0 1075.5886075725707
188.0 1067.5118448013686
189.0 1068.451122393258
190.0 1068.451122393258
191.0 1060.2618343551571
192.0 1032.7484592060578
193.0 1005.5908741621226
194.0 986.5166799183743
195.0 978.7112613075918
196.0 972.2029467651216
197.0 962.0662121551715
198.0 963.5685545053376
199.0 963.5685545053376
200.0 957.1203956243716
201.0 958.6731494010182
202.0 959.3386703816868
203.0 952.103628419558
204.0 954.3584758682721
205.0 954.3584758682721
206.0 947.0208614842804
207.0 948.9480843034613
208.0 949.3098372277869
209.0 941.8771108958534
210.0 944.3292709151197
211.0 944.1977368570399
212.0 936.6774529150956
213.0 938.0638868190625
214.0 939.0272197819053
215.0 931.4270189766717
216.0 933.5240361893642
217.0 933.8033886784925
218.0 926.1309906249866
219.0 910.2503220675711
220.0 903.8338055311906
221.0 888.9531509476247
222.0 877.563853199771
223.0 871.4417927915758
224.0 865.249921875022
225.0 865.4438520086143
226.0 865.2702430091871
227.0 860.3727478490713
228.0 861.0159429563448
229.0 861.7753387136505
230.0 856.7723444644093
231.0 857.3698064587122
232.0 857.4970597735609
233.0 852.6813781910954
234.0 853.2886366638272
235.0 854.4806284233466
236.0 849.1673653306809
237.0 850.2630214820815
238.0 850.2630214820815
239.0 844.8274877927932
240.0 845.2466180979332
241.0 845.8485854712663
242.0 840.2964132318064
243.0 840.6141393233704
244.0 841.2416769062816
245.0 835.5786132712686
246.0 836.1279879142614
247.0 836.4468422496825
248.0 830.6787438101543
249.0 830.1475407357549
250.0 831.1969204110495
251.0 825.6016404280531
252.0 825.779791824554
253.0 826.3125031438434
254.0 820.3523136130367
255.0 818.0516155447008
256.0 818.2958040980575
257.0 814.4213498821703
258.0 817.0964301609346
259.0 816.38003566565
260.0 811.3786114157413
261.0 811.0799611736852
262.0 811.1991140347541
263.0 805.1833248610396
264.0 804.301140110068
265.0 804.0803529171353
266.0 798.7717176574546
267.0 799.1600917070375
268.0 797.6041357769888
269.0 792.1501172872142
270.0 790.9187855533314
271.0 790.9187855533314
272.0 785.325058470448
273.0 784.3375309213061
274.0 784.0308998797018
275.0 778.3032767162082
276.0 777.3724905164398
277.0 776.9472762676752
278.0 771.0917016753368
279.0 769.4995830461072
280.0 769.6749053985404
281.0 763.6974503017353
282.0 761.7011472219247
283.0 762.220964224342
284.0 756.1278198287906
285.0 754.8503681137929
286.0 754.5928088850924
287.0 748.3902805678866
288.0 747.5395382285722
289.0 746.797967449154
290.0 740.4924685361095
291.0 738.4349472003632
292.0 738.8441324839415
293.0 732.4421779204202
294.0 731.428073585747
295.0 730.7391534642871
296.0 724.2473533857332
297.0 722.3065843848556
298.0 722.491029025957
299.0 715.9160822344911
300.0 714.1447204841306
301.0 714.1078990719643
302.0 707.4565864254737
303.0 706.5100471301901
304.0 705.5980367394657
305.0 698.8772144597167
306.0 697.6404465840266
307.0 696.8361199189367
308.0 690.1864331415505
309.0 688.8622006967657
310.0 688.0939247136351
311.0 681.3928192228855
312.0 678.232708856667
313.0 679.392613042514
314.0 672.5050509389936
315.0 670.1444481426231
316.0 670.4609289552583
317.0 663.5318994441369
318.0 662.3596468862943
319.0 661.4455867794393
320.0 654.4822201555005
321.0 652.3203598796738
322.0 652.3554835693492
323.0 645.3649440139603
324.0 644.4729625651028
325.0 643.1995901593947
326.0 636.1890686703264
327.0 613.9468493323542
328.0 593.2699851442972
329.0 571.3982223870609
330.0 556.7048504707088
331.0 546.6472567806546
332.0 531.8497828451495
333.0 523.569622143684
334.0 522.1414988157184
335.0 516.8382939130928
336.0 515.3985968376157
337.0 515.9932371249336
338.0 510.04270185882746
339.0 508.09245989883595
340.0 509.1513958624581
341.0 503.13799629034537
342.0 501.2980387437803
343.0 502.20100416970115
344.0 496.1309913184274
345.0 494.91046191951864
346.0 495.9959221464717
347.0 489.9249225285141
348.0 490.5730020131852
349.0 489.7505699054222
350.0 483.68486704364966
351.0 482.0121932237807
352.0 480.9083576938257
353.0 474.8892086791863
354.0 475.19987928499796
355.0 473.45258109809566
356.0 467.2196491580934
357.0 465.35744581744507
358.0 466.06422878506476
359.0 459.8066515765413
360.0 457.1619901653725
361.0 457.9251045605277
362.0 451.698693699336
363.0 449.0194950970781
364.0 451.09679493792555
365.0 444.8094211095228
366.0 443.33008027420277
367.0 443.60482167777985
368.0 437.23998867988945
369.0 434.47426383949005
370.0 435.95001641171405
371.0 429.6332902243692
372.0 427.27806622352693
373.0 428.27999430423245
374.0 421.99683263596944
375.0 421.03840900095264
376.0 420.74375994746134
377.0 414.33815217636925
378.0 411.9538194335249
379.0 412.9125720348449
380.0 406.6648070385392
381.0 404.3356724283709
382.0 405.2047027347295
383.0 398.9843698877153
384.0 394.7744438111235
385.0 396.7978117430691
386.0 391.3044203880952
387.0 388.88286411266756
388.0 389.7786739788072
389.0 383.63253772262397
390.0 382.8344617044592
391.0 382.07573815097624
392.0 375.9762931132539
393.0 373.71599872385366
394.0 374.38966022499466
395.0 368.34324234906586
396.0 365.78557229283496
397.0 366.7280254318246
398.0 360.7409183296142
399.0 358.3203874196763
400.0 359.0983948800063
401.0 353.17682363086607
402.0 350.6166988668427
403.0 351.50829809375773
404.0 345.65842310106586
405.0 342.64036286600657
406.0 343.9652255822441
407.0 338.1931364938281
408.0 325.5732507972666
409.0 317.4367242095899
410.0 302.95800721218666
411.0 292.80018502737187
412.0 289.2511597779122
413.0 281.6717414880057
414.0 277.52515285198996
415.0 278.74471485151
416.0 275.0226557692792
417.0 272.74815385838167
418.0 273.4849199702342
419.0 269.2267455982373
420.0 266.4229942486833
421.0 267.32317695835036
422.0 263.52263627861424
423.0 261.3756328989417
424.0 261.08010029564304
425.0 257.2444036177811
426.0 242.78949527141617
427.0 228.49828387335515
428.0 212.67426299827514
429.0 200.41947341469353
430.0 192.97798164013585
431.0 184.2828991005474
432.0 178.86937963005852
433.0 180.8211850999735
434.0 178.08283933636784
435.0 175.84411359435418
436.0 178.02322626710108
437.0 175.2787934496232
438.0 173.72353618643172
439.0 175.26739168144772
440.0 172.51994545795782
441.0 172.20364050890026
442.0 172.55640101903325
443.0 169.8090180112598
444.0 169.3830977113854
445.0 169.89292970033978
446.0 167.14868646762488
447.0 167.41926188055646
448.0 167.27960624999395
449.0 164.5415762531008
450.0 161.76841374828638
451.0 164.71900970273097
452.0 161.99026027070914
453.0 160.84495914181701
454.0 162.21366705819838
455.0 159.4972563613004
456.0 157.56753635821536
457.0 159.76605078711273
458.0 157.06502481874918
459.0 155.6205355200777
460.0 157.37857639122925
461.0 154.69596596194094
462.0 153.7548947691822
463.0 154.26440590263854
464.0 152.39241776594773
465.0 151.79411447029574
466.0 152.79341614300606
467.0 150.15665355472785
468.0 147.95968898023463
469.0 149.5735100058389
470.0 147.27956121341074
471.0 147.95918560912781
472.0 147.8734420918467
473.0 145.8972337319178
474.0 145.31933007068224
475.0 145.83846847233178
476.0 143.87778165344656
477.0 143.90055254674823
478.0 144.4442112577738
479.0 141.93451647760753
480.0 141.9702156125101
481.0 142.54009328014263
482.0 140.06935597251575
483.0 138.68507065600926
484.0 140.71311711805788
485.0 138.28414082640646
486.0 137.16120459447342
487.0 138.9650857764181
488.0 136.5806328310971
489.0 135.88790288490657
490.0 137.29772435111508
491.0 134.96051314331203
492.0 134.93737846377581
493.0 135.71267832657261
494.0 133.4253806255836
495.0 133.53179255568392
496.0 134.21151195185197
497.0 131.9767502683682
498.0 131.00908525764626
499.0 132.79570669692703
500.0 130.61605169493302
501.0 128.59887682618006
502.0 131.46665979065216
503.0 129.34462775049087
504.0 127.53560806069673
505.0 128.86575808169616
506.0 128.1637331769742
507.0 128.4664547261198
508.0 129.0740005449922
509.0 127.07453337475576
510.0 129.0436077749081
511.0 128.01274947141334
512.0 126.07810325253985
513.0 126.29436354843008
514.0 127.04297694781276
515.0 125.17542616655636
516.0 124.72683833393249
517.0 126.16564002258905
518.0 124.36739295010788
519.0 124.27634957305267
520.0 124.96964271257879
521.0 123.6548010344239
522.0 124.2590702041633
523.0 124.69164419252355
524.0 123.03835366169294
525.0 121.58076178823414
526.0 123.64370502224287
527.0 122.51865919104733
528.0 121.58180295460065
529.0 123.3806444421509
530.0 122.09623049818609
531.0 122.67711266401193
532.0 123.19255517199441
533.0 121.77148446922865
534.0 121.15012782220288
535.0 122.88476667443786
536.0 121.54474158929847
537.0 121.96317711890478
538.0 122.56400004130533
539.0 121.41622562624323
540.0 120.77052434767059
541.0 122.55901590649773
542.0 121.38606340980228
543.0 122.44149576554257
544.0 122.54137511279369
545.0 121.45428470644195
546.0 120.49497724899099
547.0 122.62061245499278
548.0 121.62082218997877
549.0 121.51912799515647
550.0 122.42231952422001
551.0 121.88551150802282
552.0 121.22809150516322
553.0 123.06931322648697
554.0 122.24809144417362
555.0 123.33875371930358
556.0 123.43833384229289
557.0 122.70820417580886
558.0 122.37721020082242
559.0 123.90334740402707
560.0 123.26539562721258
561.0 122.93716077086285
562.0 124.46389499944584
563.0 123.91911591769278
564.0 123.59364758068017
565.0 125.11942343574827
566.0 124.66871990424735
567.0 124.32580105531703
568.0 125.37421818176885
569.0 125.06771982966013
570.0 126.29376345453878
571.0 126.19923485955604
572.0 126.45252599547433
573.0 125.98420813232771
574.0 127.45016043546622
575.0 127.48496769889618
576.0 126.8746609571549
577.0 128.6770150716051
578.0 128.6097740331949
579.0 128.3704780401677
580.0 129.73431072864113
581.0 129.82583495031795
582.0 120.8574532969275
583.0 111.80383168982605
584.0 106.51046186527935
585.0 101.655805916578
586.0 100.26079173727273
587.0 100.39475170741471
588.0 99.28030180628949
589.0 99.99999999999999
590.0 100.39475170741478
591.0 98.6852478989561
592.0 99.63198904891792
593.0 100.39475170741477
594.0 98.28204398845119
595.0 100.00000000000001
596.0 100.39475170741474
597.0 97.25935948893489
598.0 98.75405955565367
599.0 100.39475170741476
600.0 99.14681073174852
601.0 99.09746676832168
602.0 99.68390489529804
603.0 97.34293790542556
604.0 100.10755191015232
605.0 100.39475170741474
606.0 100.53408836619737
607.0 98.54677980400477
608.0 99.68364656396393
609.0 98.81218420639718
610.0 99.31759235050329
611.0 100.39475170741478
612.0 98.05759029421321
613.0 97.36723680554287
614.0 99.68648665078717
615.0 98.79268292123601
616.0 99.38979435625504
617.0 99.78452171540252
618.0 97.00086594356426
619.0 98.5103188920355
620.0 99.0037098297694
621.0 98.94476733844428
622.0 100.00000000000001
623.0 100.39475170741474
624.0 97.81548715406402
625.0 99.25171834614976
626.0 100.39475170741477
627.0 98.86385121366972
628.0 100.0
629.0 100.39475170741473
630.0 99.82171298558308
631.0 99.7000387136314
632.0 100.39475170741478
633.0 100.28245843527382
634.0 99.27648417287345
635.0 100.39475170741474
636.0 100.21756936921295
637.0 99.28435353111979
638.0 100.39475170741474
639.0 99.61139411741648
640.0 100.00000000000001
641.0 100.39475170741476
642.0 98.4627610125334
643.0 100.0
644.0 100.39475170741477
645.0 98.30707897792772
646.0 99.71814179584685
647.0 100.39475170741474
648.0 98.0439616900769
649.0 99.2414152340416
650.0 100.39475170741476
651.0 98.46734453829187
652.0 99.71945474556875
653.0 100.39475170741476
654.0 99.81684530689603
655.0 98.59316303416281
656.0 100.39475170741477
657.0 97.76955828621578
658.0 99.359371340666
659.0 100.39475170741476
660.0 99.26007279897966
661.0 99.25480046214268
662.0 100.39475170741477
663.0 98.60703395431739
664.0 99.26005634393728
665.0 99.70412766651162
666.0 98.71701012137605
667.0 99.82953761496226
668.0 100.39475170741471
669.0 98.09259545644706
670.0 100.0
671.0 100.39475170741477
672.0 98.7131760398471
673.0 99.43284901584072
674.0 100.39475170741476
675.0 99.74852841394794
676.0 100.21013905661832
677.0 100.39475170741478
678.0 98.92050898493606
679.0 100.0
680.0 100.39475170741474
681.0 99.04028800948178
682.0 100.80976872203726
683.0 101.25384004461154
684.0 99.90831788937254
685.0 98.62336694043522
686.0 100.39475170741477
687.0 97.15016535825677
688.0 99.42216665820672
689.0 100.39475170741476
690.0 98.4267337067499
691.0 100.0
692.0 100.39475170741474
693.0 97.42497898877052
694.0 100.00000000000001
695.0 100.39475170741477
696.0 99.57240555798353
697.0 100.23343750077436
698.0 100.39475170741477
699.0 98.2397349303062
700.0 100.44895828863254
701.0 100.3947517074147
702.0 96.86140378136838
703.0 98.97213130607055
704.0 100.39475170741476
705.0 99.11987276489046
706.0 98.5829520232429
707.0 100.39475170741477
708.0 98.80262638195768
709.0 98.56884284436389
710.0 99.77085366218455
711.0 96.46730258043803
712.0 99.31581230860024
713.0 99.75988363117463
714.0 97.96362725456291
715.0 99.30554183650595
716.0 100.39475170741476
717.0 99.82701919454291
718.0 100.0
719.0 100.39475170741474
720.0 98.19864341242464
721.0 100.00000000000001
722.0 100.39475170741476
723.0 99.69489205553964
724.0 100.0
725.0 100.39475170741476
726.0 98.87556801268137
727.0 99.27164769069286
728.0 99.71571901326722
729.0 97.43527165860996
730.0 99.26501290579628
731.0 100.39475170741481
732.0 98.06249501839275
733.0 98.6436262475466
734.0 100.18331988727086
735.0 100.56663546848408
736.0 100.67881989289283
737.0 100.39475170741471
738.0 97.8408755190505
739.0 98.61725161516357
740.0 100.39475170741481
741.0 99.1651566125761
742.0 97.85661702987436
743.0 99.08394115855512
744.0 99.09024510605892
745.0 98.99212837894362
746.0 100.39475170741477
747.0 98.65775746105334
748.0 98.56311877494977
749.0 99.76528186238723
750.0 98.41820602873509
751.0 98.27218867126193
752.0 100.39475170741471
753.0 97.30633286717628
754.0 99.72792872511815
755.0 100.1720000476925
756.0 99.43380962388623
757.0 98.72205848762388
758.0 99.97580116319523
759.0 97.7669683612674
760.0 99.43741085373892
761.0 100.39475170741477
762.0 99.8510074736962
763.0 100.18676495157521
764.0 100.39475170741476
765.0 99.6118071677083
766.0 99.68847689376042
767.0 99.57015622940071
768.0 99.23042401357456
769.0 98.86617387576612
770.0 99.69241394724293
771.0 99.5657467628349
772.0 99.59693107454419
773.0 100.39475170741473
774.0 98.81245497097719
775.0 99.99999999999999
776.0 100.39475170741476
777.0 98.65272999072707
778.0 99.72648897993554
779.0 100.39475170741476
780.0 98.39412494394743
781.0 99.5368437175952
782.0 100.3947517074148
783.0 98.29656469281103
784.0 99.27648417287344
785.0 99.72055549544771
786.0 98.24474025385015
787.0 99.24038243274617
788.0 100.39475170741476
789.0 99.66047907647896
790.0 98.82099248136292
791.0 100.3947517074148
792.0 96.9286384689368
793.0 98.00517428074356
794.0 99.25921604024641
795.0 98.36596904424432
796.0 98.47748966212923
797.0 99.68406633799542
798.0 100.02800459841927
799.0 99.74831964756537
800.0 100.39475170741477
801.0 99.43162624591932
802.0 98.57808745183974
803.0 99.07147838957366
804.0 98.56506965783298
805.0 99.24657244639914
806.0 100.39475170741477
807.0 99.0920287391483
808.0 100.04934396342685
809.0 99.80344266324032
810.0 98.84803566304677
811.0 99.99999999999999
812.0 100.39475170741477
813.0 97.1611686178839
814.0 99.38688929968377
815.0 100.18418861768255
816.0 100.20410717673273
817.0 100.18487650326973
818.0 100.67826744100358
819.0 101.18170863884598
820.0 100.19344233311227
821.0 100.39475170741477
822.0 99.5478387263884
823.0 99.87637364430945
824.0 100.39475170741477
825.0 98.18308324480043
826.0 99.25836064101809
827.0 100.39475170741476
828.0 98.4624640734751
829.0 99.71789539322344
830.0 100.39475170741476
831.0 98.67526033135026
832.0 100.38453998362934
833.0 100.75019325918245
834.0 97.96127186394136
835.0 99.78517538880617
836.0 100.39475170741473
837.0 99.46283655498719
838.0 99.78433459949073
839.0 100.39475170741476
840.0 97.37341926436311
841.0 99.40664007702685
842.0 100.1913651425604
843.0 100.1844769706674
844.0 99.39172341872103
845.0 99.83579474129537
846.0 96.87243054854842
847.0 99.76807986391736
848.0 100.39475170741474
849.0 96.90012151570414
850.0 99.76311889439577
851.0 100.39475170741473
852.0 97.55997065049881
853.0 99.31231157034368
854.0 99.79484841687088
855.0 98.74689196148171
856.0 100.07418622928836
857.0 100.39475170741476
858.0 99.24498457142313
859.0 100.38487968607393
860.0 100.39475170741473
861.0 97.83662178264798
862.0 100.3627807019048
863.0 100.39475170741473
864.0 97.79914629034992
865.0 99.99999999999999
866.0 100.39475170741481
867.0 99.88977284691147
868.0 101.50043129253032
869.0 101.19113971072109
870.0 98.71858934449307
871.0 100.73703338912658
872.0 100.39475170741474
873.0 99.16533805137979
874.0 100.0
875.0 100.39475170741474
876.0 98.16518390213898
877.0 100.0
878.0 100.3947517074148
879.0 99.47603208848757
880.0 99.62843320772134
881.0 100.39475170741474
882.0 99.2295333292688
883.0 99.34607713008016
884.0 100.92369096362519
885.0 100.30515644326194
886.0 98.4306933793107
887.0 100.03412847120553
888.0 97.68912610194444
889.0 98.49054931868926
890.0 100.39475170741477
891.0 97.97875563928827
892.0 98.59055022082126
893.0 99.69009635254913
894.0 98.5428110518246
895.0 97.84854156182067
896.0 100.39475170741476
897.0 97.78186782181145
898.0 98.13062475320474
899.0 100.39475170741481
900.0 97.88974264599378
901.0 98.64849564206507
902.0 99.68737623898596
903.0 101.10160985706365
904.0 100.04934396342685
905.0 100.54273490116074
906.0 98.0197926259037
907.0 98.53104502334821
908.0 99.68364656396398
909.0 98.2725457041353
910.0 98.52359941301069
911.0 99.72706233883245
912.0 98.15183103095369
913.0 100.0
914.0 100.39475170741476
915.0 96.8312902149312
916.0 97.91987130830951
917.0 99.85071139960112
918.0 97.66013934705089
919.0 99.24834262466854
920.0 100.3947517074148
921.0 97.73805833565649
922.0 99.19638358761088
923.0 100.39475170741474
924.0 98.80681201074609
925.0 99.99999999999997
926.0 100.39475170741476
927.0 97.46099264842913
928.0 98.65713414731516
929.0 99.70703892949113
930.0 98.59694956823996
931.0 100.78564233285519
932.0 100.39475170741481
933.0 97.85545441876053
934.0 98.83156943301634
935.0 100.3947517074147
936.0 98.28405863859513
937.0 100.0
938.0 100.39475170741476
939.0 97.54150117403952
940.0 99.45782613542377
941.0 99.90189745799816
942.0 99.1692036441417
943.0 99.23934917823107
944.0 99.68342050080537
945.0 96.5353909269328
946.0 98.5286638088117
947.0 99.68406633799542
948.0 99.89263277900875
949.0 100.00000000000003
950.0 100.39475170741476
951.0 98.57808745183974
952.0 99.33447901933145
953.0 100.39475170741474
954.0 97.78842738448989
955.0 99.3465905877637
956.0 99.79066191033803
957.0 99.56947427693835
958.0 99.35937134066602
959.0 100.39475170741473
960.0 99.91926675239529
961.0 99.63598197484724
962.0 99.45283761413268
963.0 99.29740739046316
964.0 100.04937356138177
965.0 100.39475170741476
966.0 98.61850996050445
967.0 99.40159934889607
968.0 99.84567067147034
969.0 97.93023363446639
970.0 100.0
971.0 100.39475170741476
972.0 98.48014831458285
973.0 99.91223724770364
974.0 100.3947517074148
975.0 97.53786337689438
976.0 98.8006460251426
977.0 100.39475170741474
978.0 98.29933088309025
979.0 99.30067212970967
980.0 100.39475170741476
981.0 98.26911981227826
982.0 99.48406179454015
983.0 100.39475170741477
984.0 97.41971648087224
985.0 98.7212788556577
986.0 100.39475170741476
987.0 97.14177856397933
988.0 98.6522682936419
989.0 100.39056213829488
990.0 99.10117915917306
991.0 97.91987130830954
992.0 99.85071139960122
993.0 97.7110902192745
994.0 97.80791920744655
995.0 100.39475170741478
996.0 98.73258757567099
997.0 98.50892538472507
998.0 100.39475170741474
999.0 99.66530107931601
1000.0 99.25733373842519
1001.0 100.39475170741468
1002.0 98.30733929560253
1003.0 98.63664112040162
1004.0 99.44591220274154
1005.0 99.22574982199478
1006.0 99.21850974642707
1007.0 100.68390152321278
1008.0 98.70515374447149
1009.0 99.54384560253668
1010.0 99.77085366218458
1011.0 98.85453310593918
1012.0 100.0
1013.0 100.39475170741476
1014.0 97.3229773629945
1015.0 99.30554183650597
1016.0 100.39475170741481
1017.0 98.39456602923983
1018.0 99.29598105904333
1019.0 100.39475170741468
1020.0 98.4840239027797
1021.0 99.28713941154554
1022.0 100.14794409214576
1023.0 99.53403567743237
1024.0 99.27902561965101
1025.0 100.39475170741476
1026.0 97.72534070994848
1027.0 99.0732637153718
1028.0 99.71571901326728
1029.0 97.65305728184548
1030.0 98.47569899587495
1031.0 100.39475170741476
1032.0 98.91212777192115
1033.0 99.70114209978337
1034.0 100.19453303751722
1035.0 100.42854793791189
1036.0 100.51204991543324
1037.0 100.39475170741477
1038.0 99.68486473980494
1039.0 99.2496291877841
1040.0 99.69370051035843
1041.0 99.82908281510707
1042.0 100.17697707921728
1043.0 100.39475170741474
1044.0 98.85404439909449
1045.0 99.24318930269965
1046.0 99.68726062527395
1047.0 97.75023787123361
1048.0 99.01529703215736
1049.0 100.39475170741477
1050.0 99.54804572077838
1051.0 99.2885627007332
1052.0 100.39475170741468
1053.0 98.01348164673594
1054.0 98.53684171017228
1055.0 99.68338820429771
1056.0 97.72260489375861
1057.0 98.54677980400477
1058.0 99.04017074173872
1059.0 98.02800381747079
1060.0 99.31759235050325
1061.0 100.39475170741477
1062.0 98.12200439615332
1063.0 99.24241532821289
1064.0 100.39475170741474
1065.0 97.2366066977584
1066.0 98.58544464537532
1067.0 100.3947517074147
1068.0 98.75238761294185
1069.0 98.61487435650398
1070.0 99.79696941171126
1071.0 98.75404133179002
1072.0 98.67182095318735
1073.0 100.6965169240599
1074.0 99.5888127409178
1075.0 99.42911338572958
1076.0 99.70140506099952
1077.0 98.3589863221337
1078.0 100.06458031071296
1079.0 99.70703892949112
1080.0 97.92523056601175
1081.0 99.01376264736194
1082.0 99.71342450823903
1083.0 99.75099548033342
1084.0 100.0
1085.0 100.39475170741471
1086.0 100.24654632069576
1087.0 100.04934396342684
1088.0 100.39475170741474
1089.0 100.0558586576064
1090.0 99.29295349429712
1091.0 99.7370248168715
1092.0 98.07092002485034
1093.0 100.0
1094.0 100.39475170741476
1095.0 99.91120368626997
1096.0 99.31231057430024
1097.0 99.75638189687457
1098.0 97.70893062351139
1099.0 99.29020178965703
1100.0 100.39475170741477
1101.0 100.79367248787985
1102.0 100.0
1103.0 100.39475170741474
1104.0 99.26467619145808
1105.0 99.3465905877637
1106.0 100.39475170741476
1107.0 99.42847984282918
1108.0 100.0
1109.0 100.39475170741476
1110.0 98.20344254776025
1111.0 99.58663801142043
1112.0 100.03070933399478
1113.0 98.16157567940098
1114.0 99.20233625972867
1115.0 100.01044995572299
1116.0 100.44021995821868
1117.0 99.54657153508155
1118.0 100.3947517074147
1119.0 100.22335391509334
1120.0 99.44852410901811
1121.0 99.86099561814677
1122.0 97.9961480808809
1123.0 99.43284901584073
1124.0 100.39475170741481
1125.0 100.69465174184934
1126.0 100.0
1127.0 100.39475170741477
1128.0 98.2738226681389
1129.0 100.0
1130.0 100.39475170741476
1131.0 98.6473800414995
1132.0 100.0
1133.0 100.39475170741473
1134.0 98.31894803719744
1135.0 100.0
1136.0 100.39475170741474
1137.0 98.12482147733006
1138.0 100.0
1139.0 100.39475170741474
1140.0 98.87413981958412
1141.0 99.31758094216235
1142.0 99.71230830130985
1143.0 97.50772844571965
1144.0 99.26197626736709
1145.0 100.3947517074148
1146.0 97.36118233476738
1147.0 100.0
1148.0 100.39475170741477
1149.0 97.69757321086217
1150.0 98.9641638128411
1151.0 100.39475170741467
1152.0 97.27558119096037
1153.0 97.956710029263
1154.0 99.83823786297276
1155.0 99.06055428532083
1156.0 98.119795740838
1157.0 99.6885822423774
1158.0 97.61099020729618
1159.0 98.56884284436391
1160.0 99.0622337820978
1161.0 98.81301483375667
1162.0 99.36515627202711
1163.0 101.20906175488136
1164.0 99.15305998060579
1165.0 99.85922392048498
1166.0 100.3947517074148
1167.0 99.46232680849467
1168.0 99.30227557528005
1169.0 100.39475170741473
1170.0 99.09729521164034
1171.0 99.3123105743003
1172.0 100.39475170741474
1173.0 98.98774292405918
1174.0 100.2712709386833
1175.0 100.39475170741476
1176.0 98.47550515431868
1177.0 100.0
1178.0 100.3947517074148
1179.0 97.4622905219301
1180.0 100.0
1181.0 100.39475170741474
1182.0 99.23443405193738
1183.0 100.56086384882835
1184.0 100.3947517074147
1185.0 98.64721848679794
1186.0 99.12343687275522
1187.0 100.39475170741477
1188.0 100.52343113711655
1189.0 100.47744188344561
1190.0 100.39475170741476
1191.0 99.01614700733599
1192.0 100.0
1193.0 100.39475170741474
1194.0 97.76854191684889
1195.0 99.86840748903722
1196.0 100.39475170741474
1197.0 98.5562389971883
1198.0 99.61499807856535
1199.0 100.3947517074148
1200.0 101.85497578558589
1201.0 100.80951039070314
1202.0 100.3947517074147
1203.0 98.09888448723655
1204.0 100.0
1205.0 100.39475170741473
1206.0 97.98603273429397
1207.0 99.23957524138957
1208.0 99.68364656396395
1209.0 100.00696134392132
1210.0 100.0
1211.0 100.39475170741476
1212.0 100.23964412596973
1213.0 100.0
1214.0 100.39475170741474
1215.0 98.47881070005353
1216.0 99.24499425254716
1217.0 100.39475170741471
1218.0 98.35515451975877
1219.0 100.0
1220.0 100.3947517074148
1221.0 99.53630187502124
1222.0 99.25245714013779
1223.0 100.39475170741473
1224.0 97.83288948966754
1225.0 99.11469892642457
1226.0 100.04379888335464
1227.0 99.00299747718688
1228.0 99.83334506711113
1229.0 100.39475170741474
1230.0 97.7940385211777
1231.0 100.0
1232.0 100.39475170741478
1233.0 98.03813517977763
1234.0 100.00000000000001
1235.0 100.39475170741473
1236.0 98.57535280608937
1237.0 100.04934396342684
1238.0 101.20906175488133
1239.0 100.03047606449482
1240.0 100.04934396342684
1241.0 99.7370248168715
1242.0 100.20160130953172
1243.0 99.40825141951915
1244.0 101.25406610777009
1245.0 99.01258885008241
1246.0 100.35533913772359
1247.0 100.39475170741476
1248.0 98.48479701474479
1249.0 98.79052336311672
1250.0 99.72309694222535
1251.0 98.60612671002436
1252.0 100.0
1253.0 100.39475170741474
1254.0 99.34659058776369
1255.0 100.0
1256.0 100.39475170741473
1257.0 98.77414561619052
1258.0 99.359371340666
1259.0 100.39475170741476
1260.0 97.82435324055234
1261.0 99.30986792805194
1262.0 100.39475170741477
1263.0 97.55305360548441
1264.0 98.74408457091005
1265.0 100.17339917227258
1266.0 98.45920762725325
1267.0 100.0
1268.0 100.39475170741468
1269.0 99.37423265074096
1270.0 99.33252633323407
1271.0 99.77659765580842
1272.0 98.31030864845563
1273.0 99.32121053981292
1274.0 100.39475170741476
1275.0 99.35582620503848
1276.0 99.31058897790501
1277.0 100.39475170741474
1278.0 99.11708318277134
1279.0 99.87776630104798
1280.0 100.39475170741473
1281.0 99.07737169501488
1282.0 99.2914697819586
1283.0 99.73554110453294
1284.0 97.26143064473456
1285.0 98.53523646687549
1286.0 99.72706233883248
1287.0 98.87996564463101
1288.0 100.25952841237066
1289.0 100.39475170741477
1290.0 98.82073273512299
1291.0 99.04577300736044
1292.0 100.39475170741478
1293.0 99.18350875539413
1294.0 99.6671752145244
1295.0 100.39475170741478
1296.0 99.13802266789618
1297.0 99.37743140423001
1298.0 99.82150272680435
1299.0 98.05589425108847
1300.0 99.36377813804677
1301.0 99.80784946062104
1302.0 98.6518998895802
1303.0 100.0
1304.0 100.3947517074148
1305.0 98.18491933083196
1306.0 98.60779428910436
1307.0 99.78251242601414
1308.0 97.32786558543742
1309.0 98.71454305820956
1310.0 99.20786097517035
1311.0 96.03322135938168
1312.0 98.12892157635602
1313.0 98.67136446648749
1314.0 96.98667732876672
1315.0 97.18506518863666
1316.0 98.17355235724705
1317.0 96.84197012646231
1318.0 97.36749660413541
1319.0 98.49575561810946
1320.0 98.08672818169562
1321.0 98.59944998584575
1322.0 100.39475170741473
1323.0 97.94028030707167
1324.0 99.32304858802506
1325.0 100.39475170741474
1326.0 98.81404553568484
1327.0 98.85557215908118
1328.0 99.93463502581193
1329.0 97.60601252841512
1330.0 98.79503912436567
1331.0 100.13990433673706
1332.0 98.7083636181099
1333.0 98.64362624754665
1334.0 99.7031991352672
1335.0 98.26620799629534
1336.0 98.96058121916514
1337.0 100.39475170741473
1338.0 97.66430376552917
1339.0 98.60682445901041
1340.0 99.10021539674442
1341.0 96.90592591562562
1342.0 99.77686138441803
1343.0 100.39475170741466
1344.0 97.78757355638669
1345.0 97.93293952415928
1346.0 99.00940616632074
1347.0 98.003644807753
1348.0 99.4328490158407
1349.0 100.39475170741476
1350.0 99.02334452472033
1351.0 98.4780299068192
1352.0 99.25333770956368
1353.0 98.69688488501217
1354.0 98.0064233490865
1355.0 100.39475170741477
1356.0 98.38630749857991
1357.0 98.01510681788834
1358.0 99.68364656396396
1359.0 96.7817023713263
1360.0 98.52359941301069
1361.0 99.01699035074462
1362.0 98.6457718793473
1363.0 99.24241532821289
1364.0 100.13169341547115
1365.0 99.50396161861491
1366.0 99.24499425254716
1367.0 100.39475170741476
1368.0 99.22594435619489
1369.0 99.24834262466848
1370.0 100.39475170741478
1371.0 98.55642040764309
1372.0 99.25245714013776
1373.0 100.13534214847263
1374.0 96.95125587964579
1375.0 99.3248275658135
1376.0 100.39475170741464
1377.0 97.90486540694604
1378.0 98.51069886654763
1379.0 100.3947517074148
1380.0 97.92304999671035
1381.0 98.51386410546769
1382.0 99.71342450823893
1383.0 100.04838976011689
1384.0 99.24206050475365
1385.0 99.68613182732798
1386.0 98.82190279074305
1387.0 98.97719521426265
1388.0 100.39475170741476
1389.0 99.74162036836034
1390.0 99.28882232326185
1391.0 100.39475170741478
1392.0 98.54787039033951
1393.0 98.54162475351112
1394.0 99.7463468978544
1395.0 99.06235523568334
1396.0 99.23999501542107
1397.0 100.39475170741477
1398.0 98.29678754591495
1399.0 99.74831964756535
1400.0 100.39475170741473
1401.0 98.14292978863163
1402.0 100.0
1403.0 100.39475170741484
1404.0 98.1430035086967
1405.0 100.00000000000001
1406.0 100.39475170741474
1407.0 98.75631695146261
1408.0 100.0
1409.0 100.39475170741466
1410.0 98.72971619118556
1411.0 100.0
1412.0 100.39475170741477
1413.0 97.50739371866007
1414.0 97.89657483140512
1415.0 99.83096062225813
1416.0 96.80478791385204
1417.0 97.9340249193992
1418.0 99.71013813162749
1419.0 101.10592987858193
1420.0 99.72832355543456
1421.0 100.83986854477484
1422.0 100.22787242597569
1423.0 99.42052767526565
1424.0 99.24299003318514
1425.0 99.14660549223225
1426.0 98.8006460251426
1427.0 100.39475170741473
1428.0 98.13493847894962
1429.0 98.89562159722627
1430.0 99.74159615102317
1431.0 97.37165534393036
1432.0 98.01510681788832
1433.0 99.21702797366363
1434.0 98.1975814056423
1435.0 99.24060839675263
1436.0 100.39475170741478
1437.0 98.35283927489147
1438.0 100.04934396342685
1439.0 100.39475170741477
1440.0 98.49289580400219
1441.0 99.37561447111322
1442.0 99.8507113996012
1443.0 98.35175390726886
1444.0 99.88134234304339
1445.0 100.3947517074147
1446.0 98.08821579766813
1447.0 100.0
1448.0 100.39475170741476
1449.0 98.24427709855847
1450.0 98.74354756034951
1451.0 100.39475170741473
1452.0 100.0238900535706
1453.0 98.7449436346948
1454.0 99.79484841687086
1455.0 98.22086931634931
1456.0 97.41707688980307
1457.0 99.58005089305775
1458.0 100.4080333549983
1459.0 100.48356761292763
1460.0 100.69106338083706
1461.0 98.62923979821629
1462.0 99.99999999999999
1463.0 100.39475170741473
1464.0 97.27679468974664
1465.0 99.45782613542376
1466.0 100.39475170741478
1467.0 98.0446581709027
1468.0 99.99999999999997
1469.0 100.39475170741476
1470.0 98.37888153362718
1471.0 100.0
1472.0 100.39475170741474
1473.0 98.87334514635941
1474.0 100.0
1475.0 100.39475170741477
1476.0 99.54848429287091
1477.0 100.07738322161146
1478.0 100.57077415934533
1479.0 100.14732329599137
1480.0 100.37276485319654
1481.0 100.56117536055793
1482.0 100.05816742552952
1483.0 100.79903961283662
1484.0 100.39475170741473
1485.0 99.76815405288356
1486.0 100.0
1487.0 100.39475170741477
1488.0 100.04626707293441
1489.0 99.99999999999997
1490.0 100.39475170741474
1491.0 98.93380624701236
1492.0 99.40159934889606
1493.0 100.39475170741474
1494.0 100.75728020105473
1495.0 99.13622674862904
1496.0 100.39475170741474
1497.0 98.67397382031987
1498.0 98.67397382031987
1499.0 100.13122449844985
1500.0 100.3350058011655
#####################################################################
# End of data export. Simulation finished at: 2024-06-03T19:50+0000 #
#####################################################################
